month_end,trade_date,cohort_id,book,ticker,side,prev_weight,target_weight,delta_weight,rationale,sector,duration_months,strikes,px_ref_open,delist_risk_score,delist_risk_flags,delist_risk_multiplier,vt_prev,vt_curr
2014-12-30,2015-01-02,0,D10,ALUP11,L,0.015625,0.015625,0.0,keep,Electric Power,9,0,9.519860087,0,,1.0,,
2014-12-30,2015-01-02,0,D10,AMER3,L,0.015625,0.015625,0.0,keep,Trade,15,0,2071.903692,0,,1.0,,
2014-12-30,2015-01-02,0,D10,ANIM3,L,0.015625,0.015625,0.0,keep,Other,3,0,9.513337972,0,,1.0,,
2014-12-30,2015-01-02,0,D10,BBAS3,L,0.015625,0.015625,0.0,keep,Financial Services,3,0,5.623834552,1,liquidity_slump,0.75,,
2014-12-30,2015-01-02,0,D10,BBDC4,L,0.015625,0.015625,0.0,keep,Financial Services,6,0,7.640040495,0,,1.0,,
2014-12-30,2015-01-02,0,D10,BBSE3,L,0.015625,0.015625,0.0,keep,Financial Services,9,0,13.36732629,0,,1.0,,
2014-12-30,2015-01-02,0,D10,BEEF3,L,0.015625,0.015625,0.0,keep,Food & Beverage,9,0,6.776861054,0,,1.0,,
2014-12-30,2015-01-02,0,D10,BISA3,L,0.015625,0.015625,0.0,keep,Construction,6,0,1.58,0,,1.0,,
2014-12-30,2015-01-02,0,D10,BRFS3,L,0.015625,0.015625,0.0,keep,Food & Beverage,1,0,58.23154182,0,,1.0,,
2014-12-30,2015-01-02,0,D10,BRKM5,L,0.015625,0.015625,0.0,keep,Chemical,21,0,11.45347345,0,,1.0,,
2014-12-30,2015-01-02,0,D10,BRPR3,L,0.015625,0.015625,0.0,keep,Other,3,0,71.19308648,0,,1.0,,
2014-12-30,2015-01-02,0,D10,CIEL3,L,0.015625,0.015625,0.0,keep,Software & Data,18,0,15.14985343,0,,1.0,,
2014-12-30,2015-01-02,0,D10,CMIG4,L,0.015625,0.015625,0.0,keep,Electric Power,15,0,2.665672903,0,,1.0,,
2014-12-30,2015-01-02,0,D10,COGN3,L,0.015625,0.015625,0.0,keep,Other,15,0,13.34063179,0,,1.0,,
2014-12-30,2015-01-02,0,D10,CPFE3,L,0.015625,0.015625,0.0,keep,Electric Power,12,2,9.859156243,0,,1.0,,
2014-12-30,2015-01-02,0,D10,CPLE6,L,0.015625,0.015625,0.0,keep,Electric Power,15,1,1.664526671,0,,1.0,,
2014-12-30,2015-01-02,0,D10,CSMG3,L,0.015625,0.015625,0.0,keep,Other,6,0,3.74099045,0,,1.0,,
2014-12-30,2015-01-02,0,D10,CSNA3,L,0.015625,0.015625,0.0,keep,Basic & Fabricated Metal,9,0,3.013662274,0,,1.0,,
2014-12-30,2015-01-02,0,D10,CTIP3,L,0.015625,0.015625,0.0,keep,Financial Services,12,0,28.96322335,0,,1.0,,
2014-12-30,2015-01-02,0,D10,CYRE3,L,0.015625,0.015625,0.0,keep,Construction,3,0,6.762889309,0,,1.0,,
2014-12-30,2015-01-02,0,D10,DAGB33,L,0.015625,0.015625,0.0,keep,Trade,15,0,375.486384,0,,1.0,,
2014-12-30,2015-01-02,0,D10,DIRR3,L,0.015625,0.015625,0.0,keep,Construction,3,0,1.335121876,0,,1.0,,
2014-12-30,2015-01-02,0,D10,ECOR3,L,0.015625,0.015625,0.0,keep,Transportation Services,3,0,8.002761577,0,,1.0,,
2014-12-30,2015-01-02,0,D10,EGIE3,L,0.015625,0.015625,0.0,keep,Electric Power,1,0,14.40730141,0,,1.0,,
2014-12-30,2015-01-02,0,D10,ELET3,L,0.015625,0.015625,0.0,keep,Electric Power,9,0,4.485327441,0,,1.0,,
2014-12-30,2015-01-02,0,D10,EMBR3,L,0.015625,0.015625,0.0,keep,Vehicle & Parts,21,0,23.56077102,0,,1.0,,
2014-12-30,2015-01-02,0,D10,EQTL3,L,0.015625,0.015625,0.0,keep,Electric Power,30,0,4.486847039,0,,1.0,,
2014-12-30,2015-01-02,0,D10,EVEN3,L,0.015625,0.015625,0.0,keep,Construction,3,1,3.555073973,0,,1.0,,
2014-12-30,2015-01-02,0,D10,FIBR3,L,0.015625,0.015625,0.0,keep,Pulp & Paper,48,1,26.86716008,0,,1.0,,
2014-12-30,2015-01-02,0,D10,GETI3,L,0.015625,0.015625,0.0,keep,Electric Power,3,1,14.60476393,0,,1.0,,
2014-12-30,2015-01-02,0,D10,GFSA3,L,0.015625,0.015625,0.0,keep,Construction,9,0,2198.407976,0,,1.0,,
2014-12-30,2015-01-02,0,D10,GGBR4,L,0.015625,0.015625,0.0,keep,Basic & Fabricated Metal,3,0,4.726050562,0,,1.0,,
2014-12-30,2015-01-02,0,D10,GOLL54,L,0.015625,0.015625,0.0,keep,Transportation Services,9,0,0.193747263,0,,1.0,,
2014-12-30,2015-01-02,0,D10,GUAR3,L,0.015625,0.015625,0.0,keep,Textile,9,0,8.034954563,0,,1.0,,
2014-12-30,2015-01-02,0,D10,ISAE4,L,0.015625,0.015625,0.0,keep,Electric Power,3,0,4.566921525,0,,1.0,,
2014-12-30,2015-01-02,0,D10,ITSA4,L,0.015625,0.015625,0.0,keep,Other,18,1,2.582759326,0,,1.0,,
2014-12-30,2015-01-02,0,D10,ITUB4,L,0.015625,0.015625,0.0,keep,Financial Services,15,0,7.835551534,0,,1.0,,
2014-12-30,2015-01-02,0,D10,JBSS3,L,0.015625,0.015625,0.0,keep,Food & Beverage,18,0,7.049138382,0,,1.0,,
2014-12-30,2015-01-02,0,D10,LAME3,L,0.015625,0.015625,0.0,keep,Trade,12,1,4.146202169,0,,1.0,,
2014-12-30,2015-01-02,0,D10,LEVE3,L,0.015625,0.015625,0.0,keep,Vehicle & Parts,33,0,7.988610128,0,,1.0,,
2014-12-30,2015-01-02,0,D10,LIGT3,L,0.015625,0.015625,0.0,keep,Electric Power,12,0,14.96513808,0,,1.0,,
2014-12-30,2015-01-02,0,D10,LINX3,L,0.015625,0.015625,0.0,keep,Software & Data,9,0,15.40081862,0,,1.0,,
2014-12-30,2015-01-02,0,D10,LREN3,L,0.015625,0.015625,0.0,keep,Trade,6,0,8.098544362,0,,1.0,,
2014-12-30,2015-01-02,0,D10,MBRF3,L,0.015625,0.015625,0.0,keep,Food & Beverage,3,0,3.763513657,0,,1.0,,
2014-12-30,2015-01-02,0,D10,MOTV3,L,0.015625,0.015625,0.0,keep,Transportation Services,42,2,10.3206926,0,,1.0,,
2014-12-30,2015-01-02,0,D10,MPLU3,L,0.015625,0.015625,0.0,keep,Other,6,0,23.15137133,0,,1.0,,
2014-12-30,2015-01-02,0,D10,MRVE3,L,0.015625,0.015625,0.0,keep,Construction,9,0,4.355652006,0,,1.0,,
2014-12-30,2015-01-02,0,D10,ODPV3,L,0.015625,0.015625,0.0,keep,Other,12,2,5.599438765,0,,1.0,,
2014-12-30,2015-01-02,0,D10,PETR4,L,0.015625,0.015625,0.0,keep,Oil & Gas,21,1,2.646827156,0,,1.0,,
2014-12-30,2015-01-02,0,D10,PRIO3,L,0.015625,0.015625,0.0,keep,Oil & Gas,3,0,0.45926234,0,,1.0,,
2014-12-30,2015-01-02,0,D10,PSSA3,L,0.015625,0.015625,0.0,keep,Financial Services,1,0,8.757976516,0,,1.0,,
2014-12-30,2015-01-02,0,D10,QUAL3,L,0.015625,0.015625,0.0,keep,Other,15,0,15.04907512,0,,1.0,,
2014-12-30,2015-01-02,0,D10,RADL3,L,0.015625,0.015625,0.0,keep,Trade,9,0,4.30558014,0,,1.0,,
2014-12-30,2015-01-02,0,D10,RENT3,L,0.015625,0.015625,0.0,keep,Other,15,0,8.384833697,0,,1.0,,
2014-12-30,2015-01-02,0,D10,SEER3,L,0.015625,0.015625,0.0,keep,Other,3,0,23.23662177,0,,1.0,,
2014-12-30,2015-01-02,0,D10,SMLS3,L,0.015625,0.015625,0.0,keep,Other,9,0,26.41916711,0,,1.0,,
2014-12-30,2015-01-02,0,D10,SMTO3,L,0.015625,0.015625,0.0,keep,Other,21,0,8.663343125,0,,1.0,,
2014-12-30,2015-01-02,0,D10,TAEE11,L,0.015625,0.015625,0.0,keep,Electric Power,9,0,6.240302719,0,,1.0,,
2014-12-30,2015-01-02,0,D10,TIMS3,L,0.015625,0.015625,0.0,keep,Telecommunication,18,0,7.561504048,0,,1.0,,
2014-12-30,2015-01-02,0,D10,TUPY3,L,0.015625,0.015625,0.0,keep,Vehicle & Parts,1,0,11.51724553,0,,1.0,,
2014-12-30,2015-01-02,0,D10,VALE3,L,0.015625,0.015625,0.0,keep,Mining,24,0,10.71421093,0,,1.0,,
2014-12-30,2015-01-02,0,D10,VLID3,L,0.015625,0.015625,0.0,keep,Other,6,0,23.97256329,0,,1.0,,
2014-12-30,2015-01-02,0,D10,WEGE3,L,0.015625,0.015625,0.0,keep,Industrial Machinery,48,0,4.90822728,0,,1.0,,
2014-12-30,2015-01-02,0,D10,YDUQ3,L,0.015625,0.015625,0.0,keep,Other,30,0,16.82783613,0,,1.0,,
2014-12-30,2015-01-02,1,D10,ABCB4,L,0.016736401673640145,0.016736401673640145,0.0,keep,Financial Services,2,1,5.649121838,0,,1.0,,
2014-12-30,2015-01-02,1,D10,ALUP11,L,0.016736401673640145,0.016736401673640145,0.0,keep,Electric Power,2,0,9.519860087,0,,1.0,,
2014-12-30,2015-01-02,1,D10,AMER3,L,0.016736401673640145,0.016736401673640145,0.0,keep,Trade,14,0,2071.903692,0,,1.0,,
2014-12-30,2015-01-02,1,D10,ANIM3,L,0.016736401673640145,0.016736401673640145,0.0,keep,Other,2,0,9.513337972,0,,1.0,,
2014-12-30,2015-01-02,1,D10,AZZA3,L,0.016736401673640145,0.016736401673640145,0.0,keep,Textile,2,0,20.10524035,0,,1.0,,
2014-12-30,2015-01-02,1,D10,BBDC4,L,0.016736401673640145,0.016736401673640145,0.0,keep,Financial Services,5,2,7.640040495,0,,1.0,,
2014-12-30,2015-01-02,1,D10,BBSE3,L,0.016736401673640145,0.016736401673640145,0.0,keep,Financial Services,8,0,13.36732629,0,,1.0,,
2014-12-30,2015-01-02,1,D10,BEEF3,L,0.016736401673640145,0.016736401673640145,0.0,keep,Food & Beverage,8,0,6.776861054,0,,1.0,,
2014-12-30,2015-01-02,1,D10,BISA3,L,0.01255230125523011,0.01255230125523011,0.0,keep,Construction,2,0,1.58,0,,1.0,,
2014-12-30,2015-01-02,1,D10,BRFS3,L,0.016736401673640145,0.016736401673640145,0.0,keep,Food & Beverage,2,0,58.23154182,0,,1.0,,
2014-12-30,2015-01-02,1,D10,BRKM5,L,0.016736401673640145,0.016736401673640145,0.0,keep,Chemical,2,0,11.45347345,0,,1.0,,
2014-12-30,2015-01-02,1,D10,BRML3,L,0.016736401673640145,0.016736401673640145,0.0,keep,Other,2,0,9.787619704,0,,1.0,,
2014-12-30,2015-01-02,1,D10,BRSR6,L,0.016736401673640145,0.016736401673640145,0.0,keep,Financial Services,2,0,6.245039939,0,,1.0,,
2014-12-30,2015-01-02,1,D10,CIEL3,L,0.016736401673640145,0.016736401673640145,0.0,keep,Software & Data,17,0,15.14985343,0,,1.0,,
2014-12-30,2015-01-02,1,D10,CMIG4,L,0.016736401673640145,0.016736401673640145,0.0,keep,Electric Power,14,0,2.665672903,0,,1.0,,
2014-12-30,2015-01-02,1,D10,COGN3,L,0.016736401673640145,0.016736401673640145,0.0,keep,Other,15,0,13.34063179,0,,1.0,,
2014-12-30,2015-01-02,1,D10,CPLE6,L,0.016736401673640145,0.016736401673640145,0.0,keep,Electric Power,14,0,1.664526671,0,,1.0,,
2014-12-30,2015-01-02,1,D10,CSNA3,L,0.016736401673640145,0.016736401673640145,0.0,keep,Basic & Fabricated Metal,14,0,3.013662274,0,,1.0,,
2014-12-30,2015-01-02,1,D10,CTIP3,L,0.016736401673640145,0.016736401673640145,0.0,keep,Financial Services,11,0,28.96322335,0,,1.0,,
2014-12-30,2015-01-02,1,D10,CYRE3,L,0.016736401673640145,0.016736401673640145,0.0,keep,Construction,35,0,6.762889309,0,,1.0,,
2014-12-30,2015-01-02,1,D10,DIRR3,L,0.016736401673640145,0.016736401673640145,0.0,keep,Construction,5,0,1.335121876,0,,1.0,,
2014-12-30,2015-01-02,1,D10,ELET3,L,0.016736401673640145,0.016736401673640145,0.0,keep,Electric Power,8,0,4.485327441,0,,1.0,,
2014-12-30,2015-01-02,1,D10,EMBR3,L,0.016736401673640145,0.016736401673640145,0.0,keep,Vehicle & Parts,20,1,23.56077102,0,,1.0,,
2014-12-30,2015-01-02,1,D10,FIBR3,L,0.016736401673640145,0.016736401673640145,0.0,keep,Pulp & Paper,2,0,26.86716008,0,,1.0,,
2014-12-30,2015-01-02,1,D10,GFSA3,L,0.016736401673640145,0.016736401673640145,0.0,keep,Construction,11,0,2198.407976,0,,1.0,,
2014-12-30,2015-01-02,1,D10,GGBR4,L,0.016736401673640145,0.016736401673640145,0.0,keep,Basic & Fabricated Metal,2,0,4.726050562,0,,1.0,,
2014-12-30,2015-01-02,1,D10,GOAU4,L,0.016736401673640145,0.016736401673640145,0.0,keep,Basic & Fabricated Metal,2,0,6.113441797,0,,1.0,,
2014-12-30,2015-01-02,1,D10,GOLL54,L,0.016736401673640145,0.016736401673640145,0.0,keep,Transportation Services,8,0,0.193747263,0,,1.0,,
2014-12-30,2015-01-02,1,D10,GRND3,L,0.016736401673640145,0.016736401673640145,0.0,keep,Textile,2,0,2.492978921,0,,1.0,,
2014-12-30,2015-01-02,1,D10,GUAR3,L,0.016736401673640145,0.016736401673640145,0.0,keep,Textile,8,0,8.034954563,0,,1.0,,
2014-12-30,2015-01-02,1,D10,IGTA3,L,0.016736401673640145,0.016736401673640145,0.0,keep,Other,2,0,22.30086753,0,,1.0,,
2014-12-30,2015-01-02,1,D10,ISAE4,L,0.016736401673640145,0.016736401673640145,0.0,keep,Electric Power,2,1,4.566921525,0,,1.0,,
2014-12-30,2015-01-02,1,D10,ITSA4,L,0.016736401673640145,0.016736401673640145,0.0,keep,Other,20,0,2.582759326,0,,1.0,,
2014-12-30,2015-01-02,1,D10,ITUB4,L,0.016736401673640145,0.016736401673640145,0.0,keep,Financial Services,14,0,7.835551534,0,,1.0,,
2014-12-30,2015-01-02,1,D10,JBSS3,L,0.016736401673640145,0.016736401673640145,0.0,keep,Food & Beverage,14,0,7.049138382,0,,1.0,,
2014-12-30,2015-01-02,1,D10,LAME3,L,0.016736401673640145,0.016736401673640145,0.0,keep,Trade,1,0,4.146202169,0,,1.0,,
2014-12-30,2015-01-02,1,D10,LEVE3,L,0.016736401673640145,0.016736401673640145,0.0,keep,Vehicle & Parts,35,0,7.988610128,0,,1.0,,
2014-12-30,2015-01-02,1,D10,LIGT3,L,0.016736401673640145,0.016736401673640145,0.0,keep,Electric Power,11,0,14.96513808,0,,1.0,,
2014-12-30,2015-01-02,1,D10,LINX3,L,0.016736401673640145,0.016736401673640145,0.0,keep,Software & Data,11,0,15.40081862,0,,1.0,,
2014-12-30,2015-01-02,1,D10,LREN3,L,0.016736401673640145,0.016736401673640145,0.0,keep,Trade,17,0,8.098544362,0,,1.0,,
2014-12-30,2015-01-02,1,D10,MBRF3,L,0.016736401673640145,0.016736401673640145,0.0,keep,Food & Beverage,2,0,3.763513657,0,,1.0,,
2014-12-30,2015-01-02,1,D10,MOTV3,L,0.016736401673640145,0.016736401673640145,0.0,keep,Transportation Services,2,1,10.3206926,0,,1.0,,
2014-12-30,2015-01-02,1,D10,MPLU3,L,0.016736401673640145,0.016736401673640145,0.0,keep,Other,5,0,23.15137133,0,,1.0,,
2014-12-30,2015-01-02,1,D10,MRVE3,L,0.016736401673640145,0.016736401673640145,0.0,keep,Construction,8,0,4.355652006,0,,1.0,,
2014-12-30,2015-01-02,1,D10,PETR4,L,0.016736401673640145,0.016736401673640145,0.0,keep,Oil & Gas,32,3,2.646827156,0,,1.0,,
2014-12-30,2015-01-02,1,D10,PRIO3,L,0.016736401673640145,0.016736401673640145,0.0,keep,Oil & Gas,3,0,0.45926234,0,,1.0,,
2014-12-30,2015-01-02,1,D10,QUAL3,L,0.016736401673640145,0.016736401673640145,0.0,keep,Other,14,0,15.04907512,0,,1.0,,
2014-12-30,2015-01-02,1,D10,RADL3,L,0.016736401673640145,0.016736401673640145,0.0,keep,Trade,2,1,4.30558014,0,,1.0,,
2014-12-30,2015-01-02,1,D10,RENT3,L,0.016736401673640145,0.016736401673640145,0.0,keep,Other,14,0,8.384833697,0,,1.0,,
2014-12-30,2015-01-02,1,D10,SANB11,L,0.016736401673640145,0.016736401673640145,0.0,keep,Financial Services,2,0,6.671521983,1,liquidity_slump,0.75,,
2014-12-30,2015-01-02,1,D10,SEER3,L,0.016736401673640145,0.016736401673640145,0.0,keep,Other,2,0,23.23662177,0,,1.0,,
2014-12-30,2015-01-02,1,D10,SMLS3,L,0.016736401673640145,0.016736401673640145,0.0,keep,Other,8,0,26.41916711,0,,1.0,,
2014-12-30,2015-01-02,1,D10,SMTO3,L,0.016736401673640145,0.016736401673640145,0.0,keep,Other,23,0,8.663343125,0,,1.0,,
2014-12-30,2015-01-02,1,D10,TAEE11,L,0.016736401673640145,0.016736401673640145,0.0,keep,Electric Power,2,0,6.240302719,0,,1.0,,
2014-12-30,2015-01-02,1,D10,TIMS3,L,0.016736401673640145,0.016736401673640145,0.0,keep,Telecommunication,20,0,7.561504048,0,,1.0,,
2014-12-30,2015-01-02,1,D10,VALE3,L,0.016736401673640145,0.016736401673640145,0.0,keep,Mining,23,0,10.71421093,0,,1.0,,
2014-12-30,2015-01-02,1,D10,VLID3,L,0.016736401673640145,0.016736401673640145,0.0,keep,Other,8,0,23.97256329,0,,1.0,,
2014-12-30,2015-01-02,1,D10,VSTE3,L,0.016736401673640145,0.016736401673640145,0.0,keep,Textile,2,0,386.2604449,0,,1.0,,
2014-12-30,2015-01-02,1,D10,WEGE3,L,0.016736401673640145,0.016736401673640145,0.0,keep,Industrial Machinery,2,0,4.90822728,0,,1.0,,
2014-12-30,2015-01-02,1,D10,YDUQ3,L,0.016736401673640145,0.016736401673640145,0.0,keep,Other,29,1,16.82783613,0,,1.0,,
2014-12-30,2015-01-02,2,D10,ALPA4,L,0.015625,0.0,-0.015625,exit,Textile,0,1,4.545472254,0,,1.0,,
2014-12-30,2015-01-02,2,D10,ALUP11,L,0.015625,0.016460905349794226,0.0008359053497942262,reweight,Electric Power,4,0,9.519860087,0,,1.0,,
2014-12-30,2015-01-02,2,D10,AMER3,L,0.015625,0.016460905349794226,0.0008359053497942262,reweight,Trade,16,0,2071.903692,0,,1.0,,
2014-12-30,2015-01-02,2,D10,ANIM3,L,0.0,0.016460905349794226,0.016460905349794226,add,Other,1,0,9.513337972,0,,1.0,,
2014-12-30,2015-01-02,2,D10,AZZA3,L,0.0,0.016460905349794226,0.016460905349794226,add,Textile,1,0,20.10524035,0,,1.0,,
2014-12-30,2015-01-02,2,D10,BBAS3,L,0.015625,0.01234567901234567,-0.0032793209876543303,reweight,Financial Services,1,0,5.623834552,1,liquidity_slump,0.75,,
2014-12-30,2015-01-02,2,D10,BBDC4,L,0.015625,0.016460905349794226,0.0008359053497942262,reweight,Financial Services,7,1,7.640040495,0,,1.0,,
2014-12-30,2015-01-02,2,D10,BBSE3,L,0.015625,0.016460905349794226,0.0008359053497942262,reweight,Financial Services,7,0,13.36732629,0,,1.0,,
2014-12-30,2015-01-02,2,D10,BEEF3,L,0.015625,0.016460905349794226,0.0008359053497942262,reweight,Food & Beverage,7,0,6.776861054,0,,1.0,,
2014-12-30,2015-01-02,2,D10,BISA3,L,0.015625,0.0,-0.015625,exit,Construction,6,0,1.58,0,,1.0,,
2014-12-30,2015-01-02,2,D10,BRFS3,L,0.015625,0.016460905349794226,0.0008359053497942262,reweight,Food & Beverage,4,0,58.23154182,0,,1.0,,
2014-12-30,2015-01-02,2,D10,BRKM5,L,0.015625,0.016460905349794226,0.0008359053497942262,reweight,Chemical,1,0,11.45347345,0,,1.0,,
2014-12-30,2015-01-02,2,D10,BRML3,L,0.0,0.016460905349794226,0.016460905349794226,add,Other,1,0,9.787619704,0,,1.0,,
2014-12-30,2015-01-02,2,D10,BRSR6,L,0.0,0.016460905349794226,0.016460905349794226,add,Financial Services,1,0,6.245039939,0,,1.0,,
2014-12-30,2015-01-02,2,D10,CIEL3,L,0.015625,0.016460905349794226,0.0008359053497942262,reweight,Software & Data,19,0,15.14985343,0,,1.0,,
2014-12-30,2015-01-02,2,D10,CMIG4,L,0.015625,0.016460905349794226,0.0008359053497942262,reweight,Electric Power,16,0,2.665672903,0,,1.0,,
2014-12-30,2015-01-02,2,D10,COGN3,L,0.015625,0.016460905349794226,0.0008359053497942262,reweight,Other,15,0,13.34063179,0,,1.0,,
2014-12-30,2015-01-02,2,D10,CPFE3,L,0.015625,0.0,-0.015625,exit,Electric Power,0,1,9.859156243,0,,1.0,,
2014-12-30,2015-01-02,2,D10,CPLE6,L,0.015625,0.016460905349794226,0.0008359053497942262,reweight,Electric Power,13,1,1.664526671,0,,1.0,,
2014-12-30,2015-01-02,2,D10,CSAN3,L,0.0,0.016460905349794226,0.016460905349794226,add,Oil & Gas,1,1,5.293162888,0,,1.0,,
2014-12-30,2015-01-02,2,D10,CSMG3,L,0.015625,0.0,-0.015625,exit,Other,0,0,3.74099045,0,,1.0,,
2014-12-30,2015-01-02,2,D10,CSNA3,L,0.015625,0.016460905349794226,0.0008359053497942262,reweight,Basic & Fabricated Metal,10,0,3.013662274,0,,1.0,,
2014-12-30,2015-01-02,2,D10,CTIP3,L,0.015625,0.016460905349794226,0.0008359053497942262,reweight,Financial Services,10,0,28.96322335,0,,1.0,,
2014-12-30,2015-01-02,2,D10,CVCB3,L,0.0,0.016460905349794226,0.016460905349794226,add,Transportation Services,1,0,12.29851475,0,,1.0,,
2014-12-30,2015-01-02,2,D10,CYRE3,L,0.015625,0.016460905349794226,0.0008359053497942262,reweight,Construction,1,0,6.762889309,0,,1.0,,
2014-12-30,2015-01-02,2,D10,DAGB33,L,0.015625,0.0,-0.015625,exit,Trade,15,0,375.486384,0,,1.0,,
2014-12-30,2015-01-02,2,D10,DIRR3,L,0.015625,0.016460905349794226,0.0008359053497942262,reweight,Construction,4,0,1.335121876,0,,1.0,,
2014-12-30,2015-01-02,2,D10,EGIE3,L,0.015625,0.0,-0.015625,exit,Electric Power,0,1,14.40730141,0,,1.0,,
2014-12-30,2015-01-02,2,D10,ELET3,L,0.015625,0.016460905349794226,0.0008359053497942262,reweight,Electric Power,7,1,4.485327441,0,,1.0,,
2014-12-30,2015-01-02,2,D10,EMBR3,L,0.015625,0.016460905349794226,0.0008359053497942262,reweight,Vehicle & Parts,22,1,23.56077102,0,,1.0,,
2014-12-30,2015-01-02,2,D10,ENBR3,L,0.015625,0.0,-0.015625,exit,Electric Power,0,0,5.56618178,0,,1.0,,
2014-12-30,2015-01-02,2,D10,EQTL3,L,0.015625,0.016460905349794226,0.0008359053497942262,reweight,Electric Power,31,0,4.486847039,0,,1.0,,
2014-12-30,2015-01-02,2,D10,EVEN3,L,0.015625,0.0,-0.015625,exit,Construction,0,1,3.555073973,0,,1.0,,
2014-12-30,2015-01-02,2,D10,EZTC3,L,0.015625,0.016460905349794226,0.0008359053497942262,reweight,Construction,1,0,9.569225058,0,,1.0,,
2014-12-30,2015-01-02,2,D10,FIBR3,L,0.015625,0.016460905349794226,0.0008359053497942262,reweight,Pulp & Paper,1,1,26.86716008,0,,1.0,,
2014-12-30,2015-01-02,2,D10,GFSA3,L,0.015625,0.016460905349794226,0.0008359053497942262,reweight,Construction,10,0,2198.407976,0,,1.0,,
2014-12-30,2015-01-02,2,D10,GGBR4,L,0.0,0.016460905349794226,0.016460905349794226,add,Basic & Fabricated Metal,1,1,4.726050562,0,,1.0,,
2014-12-30,2015-01-02,2,D10,GOAU4,L,0.0,0.016460905349794226,0.016460905349794226,add,Basic & Fabricated Metal,1,2,6.113441797,0,,1.0,,
2014-12-30,2015-01-02,2,D10,GOLL54,L,0.015625,0.016460905349794226,0.0008359053497942262,reweight,Transportation Services,10,0,0.193747263,0,,1.0,,
2014-12-30,2015-01-02,2,D10,GRND3,L,0.0,0.016460905349794226,0.016460905349794226,add,Textile,1,0,2.492978921,0,,1.0,,
2014-12-30,2015-01-02,2,D10,GUAR3,L,0.015625,0.016460905349794226,0.0008359053497942262,reweight,Textile,10,0,8.034954563,0,,1.0,,
2014-12-30,2015-01-02,2,D10,HBOR3,L,0.0,0.016460905349794226,0.016460905349794226,add,Construction,1,0,15.87005443,0,,1.0,,
2014-12-30,2015-01-02,2,D10,IGTA3,L,0.0,0.016460905349794226,0.016460905349794226,add,Other,1,2,22.30086753,0,,1.0,,
2014-12-30,2015-01-02,2,D10,ISAE4,L,0.0,0.016460905349794226,0.016460905349794226,add,Electric Power,2,1,4.566921525,0,,1.0,,
2014-12-30,2015-01-02,2,D10,ITSA4,L,0.015625,0.016460905349794226,0.0008359053497942262,reweight,Other,19,1,2.582759326,0,,1.0,,
2014-12-30,2015-01-02,2,D10,ITUB4,L,0.015625,0.016460905349794226,0.0008359053497942262,reweight,Financial Services,16,0,7.835551534,0,,1.0,,
2014-12-30,2015-01-02,2,D10,JBSS3,L,0.015625,0.016460905349794226,0.0008359053497942262,reweight,Food & Beverage,13,0,7.049138382,0,,1.0,,
2014-12-30,2015-01-02,2,D10,KEPL3,L,0.015625,0.0,-0.015625,exit,Basic & Fabricated Metal,0,0,4.245689093,0,,1.0,,
2014-12-30,2015-01-02,2,D10,LAME3,L,0.015625,0.0,-0.015625,exit,Trade,0,0,4.146202169,0,,1.0,,
2014-12-30,2015-01-02,2,D10,LEVE3,L,0.015625,0.016460905349794226,0.0008359053497942262,reweight,Vehicle & Parts,34,0,7.988610128,0,,1.0,,
2014-12-30,2015-01-02,2,D10,LIGT3,L,0.015625,0.0,-0.015625,exit,Electric Power,9,0,14.96513808,0,,1.0,,
2014-12-30,2015-01-02,2,D10,LINX3,L,0.015625,0.0,-0.015625,exit,Software & Data,9,0,15.40081862,0,,1.0,,
2014-12-30,2015-01-02,2,D10,LREN3,L,0.015625,0.016460905349794226,0.0008359053497942262,reweight,Trade,1,0,8.098544362,0,,1.0,,
2014-12-30,2015-01-02,2,D10,MBRF3,L,0.015625,0.016460905349794226,0.0008359053497942262,reweight,Food & Beverage,4,0,3.763513657,0,,1.0,,
2014-12-30,2015-01-02,2,D10,MGLU3,L,0.015625,0.0,-0.015625,exit,Trade,0,0,2.221952965,0,,1.0,,
2014-12-30,2015-01-02,2,D10,MOTV3,L,0.015625,0.016460905349794226,0.0008359053497942262,reweight,Transportation Services,1,1,10.3206926,0,,1.0,,
2014-12-30,2015-01-02,2,D10,MPLU3,L,0.015625,0.016460905349794226,0.0008359053497942262,reweight,Other,4,0,23.15137133,0,,1.0,,
2014-12-30,2015-01-02,2,D10,MRVE3,L,0.015625,0.016460905349794226,0.0008359053497942262,reweight,Construction,13,0,4.355652006,0,,1.0,,
2014-12-30,2015-01-02,2,D10,PETR4,L,0.015625,0.0,-0.015625,exit,Oil & Gas,27,1,2.646827156,0,,1.0,,
2014-12-30,2015-01-02,2,D10,POMO4,L,0.0,0.016460905349794226,0.016460905349794226,add,Vehicle & Parts,1,0,1.790398134,0,,1.0,,
2014-12-30,2015-01-02,2,D10,PRIO3,L,0.015625,0.016460905349794226,0.0008359053497942262,reweight,Oil & Gas,4,0,0.45926234,0,,1.0,,
2014-12-30,2015-01-02,2,D10,PSSA3,L,0.015625,0.0,-0.015625,exit,Financial Services,0,0,8.757976516,0,,1.0,,
2014-12-30,2015-01-02,2,D10,QUAL3,L,0.015625,0.016460905349794226,0.0008359053497942262,reweight,Other,13,0,15.04907512,0,,1.0,,
2014-12-30,2015-01-02,2,D10,RADL3,L,0.0,0.016460905349794226,0.016460905349794226,add,Trade,1,1,4.30558014,0,,1.0,,
2014-12-30,2015-01-02,2,D10,RENT3,L,0.015625,0.016460905349794226,0.0008359053497942262,reweight,Other,19,1,8.384833697,0,,1.0,,
2014-12-30,2015-01-02,2,D10,SANB11,L,0.015625,0.0,-0.015625,exit,Financial Services,0,0,6.671521983,1,liquidity_slump,0.75,,
2014-12-30,2015-01-02,2,D10,SEER3,L,0.0,0.016460905349794226,0.016460905349794226,add,Other,1,0,23.23662177,0,,1.0,,
2014-12-30,2015-01-02,2,D10,SLCE3,L,0.015625,0.0,-0.015625,exit,Agriculture & Fisheries,0,0,1.812435515,0,,1.0,,
2014-12-30,2015-01-02,2,D10,SMLS3,L,0.015625,0.016460905349794226,0.0008359053497942262,reweight,Other,7,0,26.41916711,0,,1.0,,
2014-12-30,2015-01-02,2,D10,SMTO3,L,0.015625,0.016460905349794226,0.0008359053497942262,reweight,Other,25,0,8.663343125,0,,1.0,,
2014-12-30,2015-01-02,2,D10,TAEE11,L,0.015625,0.016460905349794226,0.0008359053497942262,reweight,Electric Power,4,0,6.240302719,0,,1.0,,
2014-12-30,2015-01-02,2,D10,TCSA3,L,0.015625,0.0,-0.015625,exit,Construction,0,0,30.90526296,0,,1.0,,
2014-12-30,2015-01-02,2,D10,TGMA3,L,0.0,0.016460905349794226,0.016460905349794226,add,Transportation Services,1,0,9.647208021,0,,1.0,,
2014-12-30,2015-01-02,2,D10,TIMS3,L,0.015625,0.016460905349794226,0.0008359053497942262,reweight,Telecommunication,19,0,7.561504048,0,,1.0,,
2014-12-30,2015-01-02,2,D10,TUPY3,L,0.015625,0.0,-0.015625,exit,Vehicle & Parts,0,0,11.51724553,0,,1.0,,
2014-12-30,2015-01-02,2,D10,UGPA3,L,0.015625,0.016460905349794226,0.0008359053497942262,reweight,Oil & Gas,1,0,19.15719898,0,,1.0,,
2014-12-30,2015-01-02,2,D10,VALE3,L,0.015625,0.016460905349794226,0.0008359053497942262,reweight,Mining,25,0,10.71421093,0,,1.0,,
2014-12-30,2015-01-02,2,D10,VLID3,L,0.015625,0.016460905349794226,0.0008359053497942262,reweight,Other,7,0,23.97256329,0,,1.0,,
2014-12-30,2015-01-02,2,D10,WEGE3,L,0.015625,0.016460905349794226,0.0008359053497942262,reweight,Industrial Machinery,1,0,4.90822728,0,,1.0,,
2014-12-30,2015-01-02,2,D10,YDUQ3,L,0.015625,0.016460905349794226,0.0008359053497942262,reweight,Other,31,0,16.82783613,0,,1.0,,
2014-12-30,2015-01-02,0,LS,ALUP11,L,0.015595554308591254,0.01678117857217521,0.0011856242635839565,reweight,Electric Power,9,0,9.519860087,0,,1.0,1.8714665170309506,1.8711014107975334
2014-12-30,2015-01-02,0,LS,AMER3,L,0.015595554308591254,0.01678117857217521,0.0011856242635839565,reweight,Trade,15,0,2071.903692,0,,1.0,1.8714665170309506,1.8711014107975334
2014-12-30,2015-01-02,0,LS,ANIM3,L,0.015595554308591254,0.01678117857217521,0.0011856242635839565,reweight,Other,3,0,9.513337972,0,,1.0,1.8714665170309506,1.8711014107975334
2014-12-30,2015-01-02,0,LS,BBAS3,L,0.015595554308591254,0.012585883929131408,-0.0030096703794598462,reweight,Financial Services,3,0,5.623834552,1,liquidity_slump,0.75,1.8714665170309506,1.8711014107975334
2014-12-30,2015-01-02,0,LS,BBDC4,L,0.015595554308591254,0.01678117857217521,0.0011856242635839565,reweight,Financial Services,6,0,7.640040495,0,,1.0,1.8714665170309506,1.8711014107975334
2014-12-30,2015-01-02,0,LS,BBSE3,L,0.015595554308591254,0.01678117857217521,0.0011856242635839565,reweight,Financial Services,9,0,13.36732629,0,,1.0,1.8714665170309506,1.8711014107975334
2014-12-30,2015-01-02,0,LS,BEEF3,L,0.015595554308591254,0.01678117857217521,0.0011856242635839565,reweight,Food & Beverage,9,0,6.776861054,0,,1.0,1.8714665170309506,1.8711014107975334
2014-12-30,2015-01-02,0,LS,BISA3,L,0.015595554308591254,0.0,-0.015595554308591254,exit,Construction,5,0,1.58,0,,1.0,1.8714665170309506,1.8711014107975334
2014-12-30,2015-01-02,0,LS,BRKM5,L,0.015595554308591254,0.01678117857217521,0.0011856242635839565,reweight,Chemical,21,0,11.45347345,0,,1.0,1.8714665170309506,1.8711014107975334
2014-12-30,2015-01-02,0,LS,BRPR3,L,0.015595554308591254,0.01678117857217521,0.0011856242635839565,reweight,Other,3,0,71.19308648,0,,1.0,1.8714665170309506,1.8711014107975334
2014-12-30,2015-01-02,0,LS,CIEL3,L,0.015595554308591254,0.01678117857217521,0.0011856242635839565,reweight,Software & Data,18,0,15.14985343,0,,1.0,1.8714665170309506,1.8711014107975334
2014-12-30,2015-01-02,0,LS,CMIG4,L,0.015595554308591254,0.01678117857217521,0.0011856242635839565,reweight,Electric Power,15,0,2.665672903,0,,1.0,1.8714665170309506,1.8711014107975334
2014-12-30,2015-01-02,0,LS,COGN3,L,0.015595554308591254,0.01678117857217521,0.0011856242635839565,reweight,Other,15,0,13.34063179,0,,1.0,1.8714665170309506,1.8711014107975334
2014-12-30,2015-01-02,0,LS,CPFE3,L,0.015595554308591254,0.01678117857217521,0.0011856242635839565,reweight,Electric Power,12,2,9.859156243,0,,1.0,1.8714665170309506,1.8711014107975334
2014-12-30,2015-01-02,0,LS,CPLE6,L,0.015595554308591254,0.01678117857217521,0.0011856242635839565,reweight,Electric Power,15,1,1.664526671,0,,1.0,1.8714665170309506,1.8711014107975334
2014-12-30,2015-01-02,0,LS,CSMG3,L,0.015595554308591254,0.01678117857217521,0.0011856242635839565,reweight,Other,6,0,3.74099045,0,,1.0,1.8714665170309506,1.8711014107975334
2014-12-30,2015-01-02,0,LS,CSNA3,L,0.015595554308591254,0.01678117857217521,0.0011856242635839565,reweight,Basic & Fabricated Metal,9,0,3.013662274,0,,1.0,1.8714665170309506,1.8711014107975334
2014-12-30,2015-01-02,0,LS,CTIP3,L,0.015595554308591254,0.01678117857217521,0.0011856242635839565,reweight,Financial Services,12,0,28.96322335,0,,1.0,1.8714665170309506,1.8711014107975334
2014-12-30,2015-01-02,0,LS,CYRE3,L,0.015595554308591254,0.01678117857217521,0.0011856242635839565,reweight,Construction,3,0,6.762889309,0,,1.0,1.8714665170309506,1.8711014107975334
2014-12-30,2015-01-02,0,LS,DAGB33,L,0.015595554308591254,0.0,-0.015595554308591254,exit,Trade,14,0,375.486384,0,,1.0,1.8714665170309506,1.8711014107975334
2014-12-30,2015-01-02,0,LS,DIRR3,L,0.015595554308591254,0.01678117857217521,0.0011856242635839565,reweight,Construction,3,0,1.335121876,0,,1.0,1.8714665170309506,1.8711014107975334
2014-12-30,2015-01-02,0,LS,ECOR3,L,0.015595554308591254,0.01678117857217521,0.0011856242635839565,reweight,Transportation Services,3,0,8.002761577,0,,1.0,1.8714665170309506,1.8711014107975334
2014-12-30,2015-01-02,0,LS,ELET3,L,0.015595554308591254,0.01678117857217521,0.0011856242635839565,reweight,Electric Power,9,0,4.485327441,0,,1.0,1.8714665170309506,1.8711014107975334
2014-12-30,2015-01-02,0,LS,EMBR3,L,0.015595554308591254,0.01678117857217521,0.0011856242635839565,reweight,Vehicle & Parts,21,0,23.56077102,0,,1.0,1.8714665170309506,1.8711014107975334
2014-12-30,2015-01-02,0,LS,EQTL3,L,0.015595554308591254,0.01678117857217521,0.0011856242635839565,reweight,Electric Power,30,0,4.486847039,0,,1.0,1.8714665170309506,1.8711014107975334
2014-12-30,2015-01-02,0,LS,EVEN3,L,0.015595554308591254,0.01678117857217521,0.0011856242635839565,reweight,Construction,3,1,3.555073973,0,,1.0,1.8714665170309506,1.8711014107975334
2014-12-30,2015-01-02,0,LS,FIBR3,L,0.015595554308591254,0.01678117857217521,0.0011856242635839565,reweight,Pulp & Paper,48,1,26.86716008,0,,1.0,1.8714665170309506,1.8711014107975334
2014-12-30,2015-01-02,0,LS,GETI3,L,0.015595554308591254,0.01678117857217521,0.0011856242635839565,reweight,Electric Power,3,1,14.60476393,0,,1.0,1.8714665170309506,1.8711014107975334
2014-12-30,2015-01-02,0,LS,GFSA3,L,0.015595554308591254,0.01678117857217521,0.0011856242635839565,reweight,Construction,9,0,2198.407976,0,,1.0,1.8714665170309506,1.8711014107975334
2014-12-30,2015-01-02,0,LS,GGBR4,L,0.015595554308591254,0.01678117857217521,0.0011856242635839565,reweight,Basic & Fabricated Metal,3,0,4.726050562,0,,1.0,1.8714665170309506,1.8711014107975334
2014-12-30,2015-01-02,0,LS,GOLL54,L,0.015595554308591254,0.01678117857217521,0.0011856242635839565,reweight,Transportation Services,9,0,0.193747263,0,,1.0,1.8714665170309506,1.8711014107975334
2014-12-30,2015-01-02,0,LS,GUAR3,L,0.015595554308591254,0.01678117857217521,0.0011856242635839565,reweight,Textile,9,0,8.034954563,0,,1.0,1.8714665170309506,1.8711014107975334
2014-12-30,2015-01-02,0,LS,ISAE4,L,0.015595554308591254,0.01678117857217521,0.0011856242635839565,reweight,Electric Power,3,0,4.566921525,0,,1.0,1.8714665170309506,1.8711014107975334
2014-12-30,2015-01-02,0,LS,ITSA4,L,0.015595554308591254,0.01678117857217521,0.0011856242635839565,reweight,Other,18,1,2.582759326,0,,1.0,1.8714665170309506,1.8711014107975334
2014-12-30,2015-01-02,0,LS,ITUB4,L,0.015595554308591254,0.01678117857217521,0.0011856242635839565,reweight,Financial Services,15,0,7.835551534,0,,1.0,1.8714665170309506,1.8711014107975334
2014-12-30,2015-01-02,0,LS,JBSS3,L,0.015595554308591254,0.01678117857217521,0.0011856242635839565,reweight,Food & Beverage,18,0,7.049138382,0,,1.0,1.8714665170309506,1.8711014107975334
2014-12-30,2015-01-02,0,LS,LAME3,L,0.015595554308591254,0.01678117857217521,0.0011856242635839565,reweight,Trade,12,1,4.146202169,0,,1.0,1.8714665170309506,1.8711014107975334
2014-12-30,2015-01-02,0,LS,LEVE3,L,0.015595554308591254,0.01678117857217521,0.0011856242635839565,reweight,Vehicle & Parts,33,0,7.988610128,0,,1.0,1.8714665170309506,1.8711014107975334
2014-12-30,2015-01-02,0,LS,LIGT3,L,0.015595554308591254,0.0,-0.015595554308591254,exit,Electric Power,11,0,14.96513808,0,,1.0,1.8714665170309506,1.8711014107975334
2014-12-30,2015-01-02,0,LS,LINX3,L,0.015595554308591254,0.01678117857217521,0.0011856242635839565,reweight,Software & Data,9,0,15.40081862,0,,1.0,1.8714665170309506,1.8711014107975334
2014-12-30,2015-01-02,0,LS,LREN3,L,0.015595554308591254,0.01678117857217521,0.0011856242635839565,reweight,Trade,6,0,8.098544362,0,,1.0,1.8714665170309506,1.8711014107975334
2014-12-30,2015-01-02,0,LS,MBRF3,L,0.015595554308591254,0.01678117857217521,0.0011856242635839565,reweight,Food & Beverage,3,0,3.763513657,0,,1.0,1.8714665170309506,1.8711014107975334
2014-12-30,2015-01-02,0,LS,MOTV3,L,0.015595554308591254,0.01678117857217521,0.0011856242635839565,reweight,Transportation Services,42,2,10.3206926,0,,1.0,1.8714665170309506,1.8711014107975334
2014-12-30,2015-01-02,0,LS,MPLU3,L,0.015595554308591254,0.01678117857217521,0.0011856242635839565,reweight,Other,6,0,23.15137133,0,,1.0,1.8714665170309506,1.8711014107975334
2014-12-30,2015-01-02,0,LS,MRVE3,L,0.015595554308591254,0.01678117857217521,0.0011856242635839565,reweight,Construction,9,0,4.355652006,0,,1.0,1.8714665170309506,1.8711014107975334
2014-12-30,2015-01-02,0,LS,ODPV3,L,0.015595554308591254,0.01678117857217521,0.0011856242635839565,reweight,Other,12,2,5.599438765,0,,1.0,1.8714665170309506,1.8711014107975334
2014-12-30,2015-01-02,0,LS,PETR4,L,0.015595554308591254,0.0,-0.015595554308591254,exit,Oil & Gas,20,1,2.646827156,0,,1.0,1.8714665170309506,1.8711014107975334
2014-12-30,2015-01-02,0,LS,PRIO3,L,0.015595554308591254,0.01678117857217521,0.0011856242635839565,reweight,Oil & Gas,3,0,0.45926234,0,,1.0,1.8714665170309506,1.8711014107975334
2014-12-30,2015-01-02,0,LS,QUAL3,L,0.015595554308591254,0.01678117857217521,0.0011856242635839565,reweight,Other,15,0,15.04907512,0,,1.0,1.8714665170309506,1.8711014107975334
2014-12-30,2015-01-02,0,LS,RADL3,L,0.015595554308591254,0.01678117857217521,0.0011856242635839565,reweight,Trade,9,0,4.30558014,0,,1.0,1.8714665170309506,1.8711014107975334
2014-12-30,2015-01-02,0,LS,RENT3,L,0.015595554308591254,0.01678117857217521,0.0011856242635839565,reweight,Other,15,0,8.384833697,0,,1.0,1.8714665170309506,1.8711014107975334
2014-12-30,2015-01-02,0,LS,SEER3,L,0.015595554308591254,0.01678117857217521,0.0011856242635839565,reweight,Other,3,0,23.23662177,0,,1.0,1.8714665170309506,1.8711014107975334
2014-12-30,2015-01-02,0,LS,SMLS3,L,0.015595554308591254,0.01678117857217521,0.0011856242635839565,reweight,Other,9,0,26.41916711,0,,1.0,1.8714665170309506,1.8711014107975334
2014-12-30,2015-01-02,0,LS,SMTO3,L,0.015595554308591254,0.01678117857217521,0.0011856242635839565,reweight,Other,21,0,8.663343125,0,,1.0,1.8714665170309506,1.8711014107975334
2014-12-30,2015-01-02,0,LS,TAEE11,L,0.015595554308591254,0.01678117857217521,0.0011856242635839565,reweight,Electric Power,9,0,6.240302719,0,,1.0,1.8714665170309506,1.8711014107975334
2014-12-30,2015-01-02,0,LS,TIMS3,L,0.015595554308591254,0.01678117857217521,0.0011856242635839565,reweight,Telecommunication,18,0,7.561504048,0,,1.0,1.8714665170309506,1.8711014107975334
2014-12-30,2015-01-02,0,LS,VALE3,L,0.015595554308591254,0.01678117857217521,0.0011856242635839565,reweight,Mining,24,0,10.71421093,0,,1.0,1.8714665170309506,1.8711014107975334
2014-12-30,2015-01-02,0,LS,VLID3,L,0.015595554308591254,0.01678117857217521,0.0011856242635839565,reweight,Other,6,0,23.97256329,0,,1.0,1.8714665170309506,1.8711014107975334
2014-12-30,2015-01-02,0,LS,WEGE3,L,0.015595554308591254,0.01678117857217521,0.0011856242635839565,reweight,Industrial Machinery,48,0,4.90822728,0,,1.0,1.8714665170309506,1.8711014107975334
2014-12-30,2015-01-02,0,LS,YDUQ3,L,0.015595554308591254,0.01678117857217521,0.0011856242635839565,reweight,Other,30,0,16.82783613,0,,1.0,1.8714665170309506,1.8711014107975334
2014-12-30,2015-01-02,0,LS,ABCB4,S,-0.022279363297987492,-0.022818309887774783,-0.0005389465897872904,reweight,Financial Services,12,0,5.649121838,0,,1.0,1.8714665170309506,1.8711014107975334
2014-12-30,2015-01-02,0,LS,ABEV3,S,-0.022279363297987492,-0.022818309887774783,-0.0005389465897872904,reweight,Food & Beverage,3,0,10.73752416,0,,1.0,1.8714665170309506,1.8711014107975334
2014-12-30,2015-01-02,0,LS,ALPA4,S,-0.022279363297987492,-0.022818309887774783,-0.0005389465897872904,reweight,Textile,3,1,4.545472254,0,,1.0,1.8714665170309506,1.8711014107975334
2014-12-30,2015-01-02,0,LS,ALSC3,S,-0.022279363297987492,-0.022818309887774783,-0.0005389465897872904,reweight,Other,15,0,14.77744871,0,,1.0,1.8714665170309506,1.8711014107975334
2014-12-30,2015-01-02,0,LS,ARTR3,S,-0.022279363297987492,-0.022818309887774783,-0.0005389465897872904,reweight,Transportation Services,6,0,12.25370124,0,,1.0,1.8714665170309506,1.8711014107975334
2014-12-30,2015-01-02,0,LS,B3SA3,S,-0.022279363297987492,-0.022818309887774783,-0.0005389465897872904,reweight,Financial Services,15,0,2.195528827,0,,1.0,1.8714665170309506,1.8711014107975334
2014-12-30,2015-01-02,0,LS,BRAP4,S,-0.022279363297987492,-0.022818309887774783,-0.0005389465897872904,reweight,Other,48,0,2.322638635,0,,1.0,1.8714665170309506,1.8711014107975334
2014-12-30,2015-01-02,0,LS,BRFS3,S,-0.022279363297987492,-0.022818309887774783,-0.0005389465897872904,reweight,Food & Beverage,3,0,58.23154182,0,,1.0,1.8714665170309506,1.8711014107975334
2014-12-30,2015-01-02,0,LS,BRML3,S,-0.022279363297987492,-0.022818309887774783,-0.0005389465897872904,reweight,Other,21,0,9.787619704,0,,1.0,1.8714665170309506,1.8711014107975334
2014-12-30,2015-01-02,0,LS,BRSR6,S,-0.022279363297987492,-0.022818309887774783,-0.0005389465897872904,reweight,Financial Services,18,1,6.245039939,0,,1.0,1.8714665170309506,1.8711014107975334
2014-12-30,2015-01-02,0,LS,CRUZ3,S,-0.022279363297987492,-0.022818309887774783,-0.0005389465897872904,reweight,Other,12,0,18.39595503,0,,1.0,1.8714665170309506,1.8711014107975334
2014-12-30,2015-01-02,0,LS,CSAN3,S,-0.022279363297987492,-0.022818309887774783,-0.0005389465897872904,reweight,Oil & Gas,3,0,5.293162888,0,,1.0,1.8714665170309506,1.8711014107975334
2014-12-30,2015-01-02,0,LS,CZLT33,S,-0.022279363297987492,-0.022818309887774783,-0.0005389465897872904,reweight,Food & Beverage,15,0,19.51707123,0,,1.0,1.8714665170309506,1.8711014107975334
2014-12-30,2015-01-02,0,LS,DXCO3,S,-0.022279363297987492,-0.022818309887774783,-0.0005389465897872904,reweight,Other,9,0,4.530910478,0,,1.0,1.8714665170309506,1.8711014107975334
2014-12-30,2015-01-02,0,LS,EGIE3,S,-0.022279363297987492,-0.022818309887774783,-0.0005389465897872904,reweight,Electric Power,3,0,14.40730141,0,,1.0,1.8714665170309506,1.8711014107975334
2014-12-30,2015-01-02,0,LS,ENAT3,S,-0.022279363297987492,-0.022818309887774783,-0.0005389465897872904,reweight,Oil & Gas,6,0,4.056126849,0,,1.0,1.8714665170309506,1.8711014107975334
2014-12-30,2015-01-02,0,LS,ENBR3,S,-0.022279363297987492,-0.022818309887774783,-0.0005389465897872904,reweight,Electric Power,3,0,5.56618178,0,,1.0,1.8714665170309506,1.8711014107975334
2014-12-30,2015-01-02,0,LS,EZTC3,S,-0.022279363297987492,-0.022818309887774783,-0.0005389465897872904,reweight,Construction,3,0,9.569225058,0,,1.0,1.8714665170309506,1.8711014107975334
2014-12-30,2015-01-02,0,LS,FLRY3,S,-0.022279363297987492,-0.022818309887774783,-0.0005389465897872904,reweight,Other,6,0,4.871971519,0,,1.0,1.8714665170309506,1.8711014107975334
2014-12-30,2015-01-02,0,LS,GOAU4,S,-0.022279363297987492,-0.022818309887774783,-0.0005389465897872904,reweight,Basic & Fabricated Metal,12,0,6.113441797,0,,1.0,1.8714665170309506,1.8711014107975334
2014-12-30,2015-01-02,0,LS,GRND3,S,-0.022279363297987492,0.0,0.022279363297987492,exit,Textile,8,0,2.492978921,0,,1.0,1.8714665170309506,1.8711014107975334
2014-12-30,2015-01-02,0,LS,HBOR3,S,-0.022279363297987492,-0.022818309887774783,-0.0005389465897872904,reweight,Construction,3,0,15.87005443,0,,1.0,1.8714665170309506,1.8711014107975334
2014-12-30,2015-01-02,0,LS,HGTX3,S,-0.022279363297987492,-0.022818309887774783,-0.0005389465897872904,reweight,Textile,33,1,15.06517123,0,,1.0,1.8714665170309506,1.8711014107975334
2014-12-30,2015-01-02,0,LS,HYPE3,S,-0.022279363297987492,-0.022818309887774783,-0.0005389465897872904,reweight,Other,3,0,11.28904111,0,,1.0,1.8714665170309506,1.8711014107975334
2014-12-30,2015-01-02,0,LS,IGTA3,S,-0.022279363297987492,-0.022818309887774783,-0.0005389465897872904,reweight,Other,6,0,22.30086753,0,,1.0,1.8714665170309506,1.8711014107975334
2014-12-30,2015-01-02,0,LS,IMCH3,S,-0.022279363297987492,-0.022818309887774783,-0.0005389465897872904,reweight,Trade,15,0,12.0,0,,1.0,1.8714665170309506,1.8711014107975334
2014-12-30,2015-01-02,0,LS,MDIA3,S,-0.022279363297987492,-0.022818309887774783,-0.0005389465897872904,reweight,Food & Beverage,3,0,24.22392345,0,,1.0,1.8714665170309506,1.8711014107975334
2014-12-30,2015-01-02,0,LS,MGLU3,S,-0.022279363297987492,-0.022818309887774783,-0.0005389465897872904,reweight,Trade,3,0,2.221952965,0,,1.0,1.8714665170309506,1.8711014107975334
2014-12-30,2015-01-02,0,LS,MILS3,S,-0.022279363297987492,-0.022818309887774783,-0.0005389465897872904,reweight,Other,9,0,8.310005547,0,,1.0,1.8714665170309506,1.8711014107975334
2014-12-30,2015-01-02,0,LS,MULT3,S,-0.022279363297987492,-0.022818309887774783,-0.0005389465897872904,reweight,Other,15,0,11.83576416,0,,1.0,1.8714665170309506,1.8711014107975334
2014-12-30,2015-01-02,0,LS,MYPK3,S,-0.022279363297987492,-0.022818309887774783,-0.0005389465897872904,reweight,Vehicle & Parts,6,0,8.266697972,0,,1.0,1.8714665170309506,1.8711014107975334
2014-12-30,2015-01-02,0,LS,NATU3,S,-0.022279363297987492,-0.022818309887774783,-0.0005389465897872904,reweight,Trade,9,0,13.63282949,0,,1.0,1.8714665170309506,1.8711014107975334
2014-12-30,2015-01-02,0,LS,OIBR3,S,-0.022279363297987492,-0.022818309887774783,-0.0005389465897872904,reweight,Telecommunication,18,0,695.0591281,0,,1.0,1.8714665170309506,1.8711014107975334
2014-12-30,2015-01-02,0,LS,PDGR3,S,-0.022279363297987492,-0.022818309887774783,-0.0005389465897872904,reweight,Construction,39,0,4851904.747,0,,1.0,1.8714665170309506,1.8711014107975334
2014-12-30,2015-01-02,0,LS,POMO4,S,-0.022279363297987492,-0.022818309887774783,-0.0005389465897872904,reweight,Vehicle & Parts,12,0,1.790398134,0,,1.0,1.8714665170309506,1.8711014107975334
2014-12-30,2015-01-02,0,LS,RAPT4,S,-0.022279363297987492,-0.022818309887774783,-0.0005389465897872904,reweight,Vehicle & Parts,9,1,3.405051664,0,,1.0,1.8714665170309506,1.8711014107975334
2014-12-30,2015-01-02,0,LS,RSID3,S,-0.022279363297987492,-0.022818309887774783,-0.0005389465897872904,reweight,Construction,45,0,16.75,0,,1.0,1.8714665170309506,1.8711014107975334
2014-12-30,2015-01-02,0,LS,SBSP3,S,-0.022279363297987492,-0.022818309887774783,-0.0005389465897872904,reweight,Other,18,0,13.19235106,0,,1.0,1.8714665170309506,1.8711014107975334
2014-12-30,2015-01-02,0,LS,TCSA3,S,-0.022279363297987492,-0.022818309887774783,-0.0005389465897872904,reweight,Construction,6,1,30.90526296,0,,1.0,1.8714665170309506,1.8711014107975334
2014-12-30,2015-01-02,0,LS,TOTS3,S,-0.022279363297987492,-0.022818309887774783,-0.0005389465897872904,reweight,Software & Data,18,0,9.948613782,0,,1.0,1.8714665170309506,1.8711014107975334
2014-12-30,2015-01-02,0,LS,UGPA3,S,-0.022279363297987492,-0.022818309887774783,-0.0005389465897872904,reweight,Oil & Gas,3,0,19.15719898,0,,1.0,1.8714665170309506,1.8711014107975334
2014-12-30,2015-01-02,0,LS,USIM5,S,-0.022279363297987492,-0.022818309887774783,-0.0005389465897872904,reweight,Basic & Fabricated Metal,9,0,3.868897095,0,,1.0,1.8714665170309506,1.8711014107975334
2014-12-30,2015-01-02,1,LS,ABCB4,L,0.001306454310405294,0.0,-0.001306454310405294,exit,Financial Services,1,1,5.649121838,0,,1.0,1.8714665170309506,1.8711014107975334
2014-12-30,2015-01-02,1,LS,ALUP11,L,0.020081953059676652,0.02190184199009629,0.0018198889304196393,reweight,Electric Power,2,0,9.519860087,0,,1.0,1.8714665170309506,1.8711014107975334
2014-12-30,2015-01-02,1,LS,AMER3,L,0.020081953059676652,0.02190184199009629,0.0018198889304196393,reweight,Trade,14,0,2071.903692,0,,1.0,1.8714665170309506,1.8711014107975334
2014-12-30,2015-01-02,1,LS,ANIM3,L,0.020081953059676652,0.02190184199009629,0.0018198889304196393,reweight,Other,2,0,9.513337972,0,,1.0,1.8714665170309506,1.8711014107975334
2014-12-30,2015-01-02,1,LS,AZZA3,L,0.020081953059676652,0.02190184199009629,0.0018198889304196393,reweight,Textile,2,0,20.10524035,0,,1.0,1.8714665170309506,1.8711014107975334
2014-12-30,2015-01-02,1,LS,BBDC4,L,0.020081953059676652,0.02190184199009629,0.0018198889304196393,reweight,Financial Services,5,2,7.640040495,0,,1.0,1.8714665170309506,1.8711014107975334
2014-12-30,2015-01-02,1,LS,BBSE3,L,0.020081953059676652,0.02190184199009629,0.0018198889304196393,reweight,Financial Services,8,0,13.36732629,0,,1.0,1.8714665170309506,1.8711014107975334
2014-12-30,2015-01-02,1,LS,BEEF3,L,0.020081953059676652,0.02190184199009629,0.0018198889304196393,reweight,Food & Beverage,8,0,6.776861054,0,,1.0,1.8714665170309506,1.8711014107975334
2014-12-30,2015-01-02,1,LS,BISA3,L,0.015061464794757489,0.0,-0.015061464794757489,exit,Construction,1,0,1.58,0,,1.0,1.8714665170309506,1.8711014107975334
2014-12-30,2015-01-02,1,LS,BRFS3,L,0.020081953059676652,0.02190184199009629,0.0018198889304196393,reweight,Food & Beverage,2,0,58.23154182,0,,1.0,1.8714665170309506,1.8711014107975334
2014-12-30,2015-01-02,1,LS,BRKM5,L,0.001306454310405294,0.0014248492558839637,0.00011839494547866971,reweight,Chemical,2,0,11.45347345,0,,1.0,1.8714665170309506,1.8711014107975334
2014-12-30,2015-01-02,1,LS,BRML3,L,0.001306454310405294,0.0014248492558839637,0.00011839494547866971,reweight,Other,2,0,9.787619704,0,,1.0,1.8714665170309506,1.8711014107975334
2014-12-30,2015-01-02,1,LS,BRSR6,L,0.001306454310405294,0.0014248492558839637,0.00011839494547866971,reweight,Financial Services,2,0,6.245039939,0,,1.0,1.8714665170309506,1.8711014107975334
2014-12-30,2015-01-02,1,LS,CIEL3,L,0.020081953059676652,0.02190184199009629,0.0018198889304196393,reweight,Software & Data,17,0,15.14985343,0,,1.0,1.8714665170309506,1.8711014107975334
2014-12-30,2015-01-02,1,LS,CMIG4,L,0.020081953059676652,0.02190184199009629,0.0018198889304196393,reweight,Electric Power,14,0,2.665672903,0,,1.0,1.8714665170309506,1.8711014107975334
2014-12-30,2015-01-02,1,LS,COGN3,L,0.020081953059676652,0.02190184199009629,0.0018198889304196393,reweight,Other,15,0,13.34063179,0,,1.0,1.8714665170309506,1.8711014107975334
2014-12-30,2015-01-02,1,LS,CPLE6,L,0.020081953059676652,0.02190184199009629,0.0018198889304196393,reweight,Electric Power,14,0,1.664526671,0,,1.0,1.8714665170309506,1.8711014107975334
2014-12-30,2015-01-02,1,LS,CSNA3,L,0.020081953059676652,0.02190184199009629,0.0018198889304196393,reweight,Basic & Fabricated Metal,14,0,3.013662274,0,,1.0,1.8714665170309506,1.8711014107975334
2014-12-30,2015-01-02,1,LS,CTIP3,L,0.020081953059676652,0.02190184199009629,0.0018198889304196393,reweight,Financial Services,11,0,28.96322335,0,,1.0,1.8714665170309506,1.8711014107975334
2014-12-30,2015-01-02,1,LS,CYRE3,L,0.020081953059676652,0.02190184199009629,0.0018198889304196393,reweight,Construction,35,0,6.762889309,0,,1.0,1.8714665170309506,1.8711014107975334
2014-12-30,2015-01-02,1,LS,DIRR3,L,0.020081953059676652,0.02190184199009629,0.0018198889304196393,reweight,Construction,5,0,1.335121876,0,,1.0,1.8714665170309506,1.8711014107975334
2014-12-30,2015-01-02,1,LS,ELET3,L,0.020081953059676652,0.02190184199009629,0.0018198889304196393,reweight,Electric Power,8,0,4.485327441,0,,1.0,1.8714665170309506,1.8711014107975334
2014-12-30,2015-01-02,1,LS,EMBR3,L,0.020081953059676652,0.02190184199009629,0.0018198889304196393,reweight,Vehicle & Parts,20,1,23.56077102,0,,1.0,1.8714665170309506,1.8711014107975334
2014-12-30,2015-01-02,1,LS,FIBR3,L,0.001306454310405294,0.0014248492558839637,0.00011839494547866971,reweight,Pulp & Paper,2,0,26.86716008,0,,1.0,1.8714665170309506,1.8711014107975334
2014-12-30,2015-01-02,1,LS,GFSA3,L,0.020081953059676652,0.02190184199009629,0.0018198889304196393,reweight,Construction,11,0,2198.407976,0,,1.0,1.8714665170309506,1.8711014107975334
2014-12-30,2015-01-02,1,LS,GGBR4,L,0.020081953059676652,0.02190184199009629,0.0018198889304196393,reweight,Basic & Fabricated Metal,2,0,4.726050562,0,,1.0,1.8714665170309506,1.8711014107975334
2014-12-30,2015-01-02,1,LS,GOAU4,L,0.001306454310405294,0.0014248492558839637,0.00011839494547866971,reweight,Basic & Fabricated Metal,2,0,6.113441797,0,,1.0,1.8714665170309506,1.8711014107975334
2014-12-30,2015-01-02,1,LS,GOLL54,L,0.020081953059676652,0.02190184199009629,0.0018198889304196393,reweight,Transportation Services,8,0,0.193747263,0,,1.0,1.8714665170309506,1.8711014107975334
2014-12-30,2015-01-02,1,LS,GRND3,L,0.001306454310405294,0.0014248492558839637,0.00011839494547866971,reweight,Textile,2,0,2.492978921,0,,1.0,1.8714665170309506,1.8711014107975334
2014-12-30,2015-01-02,1,LS,GUAR3,L,0.020081953059676652,0.02190184199009629,0.0018198889304196393,reweight,Textile,8,0,8.034954563,0,,1.0,1.8714665170309506,1.8711014107975334
2014-12-30,2015-01-02,1,LS,IGTA3,L,0.020081953059676652,0.02190184199009629,0.0018198889304196393,reweight,Other,2,0,22.30086753,0,,1.0,1.8714665170309506,1.8711014107975334
2014-12-30,2015-01-02,1,LS,ISAE4,L,0.020081953059676652,0.02190184199009629,0.0018198889304196393,reweight,Electric Power,2,1,4.566921525,0,,1.0,1.8714665170309506,1.8711014107975334
2014-12-30,2015-01-02,1,LS,ITSA4,L,0.020081953059676652,0.02190184199009629,0.0018198889304196393,reweight,Other,20,0,2.582759326,0,,1.0,1.8714665170309506,1.8711014107975334
2014-12-30,2015-01-02,1,LS,ITUB4,L,0.020081953059676652,0.02190184199009629,0.0018198889304196393,reweight,Financial Services,14,0,7.835551534,0,,1.0,1.8714665170309506,1.8711014107975334
2014-12-30,2015-01-02,1,LS,JBSS3,L,0.020081953059676652,0.02190184199009629,0.0018198889304196393,reweight,Food & Beverage,14,0,7.049138382,0,,1.0,1.8714665170309506,1.8711014107975334
2014-12-30,2015-01-02,1,LS,LEVE3,L,0.020081953059676652,0.02190184199009629,0.0018198889304196393,reweight,Vehicle & Parts,35,0,7.988610128,0,,1.0,1.8714665170309506,1.8711014107975334
2014-12-30,2015-01-02,1,LS,LIGT3,L,0.020081953059676652,0.0,-0.020081953059676652,exit,Electric Power,10,0,14.96513808,0,,1.0,1.8714665170309506,1.8711014107975334
2014-12-30,2015-01-02,1,LS,LINX3,L,0.001306454310405294,0.0014248492558839637,0.00011839494547866971,reweight,Software & Data,11,0,15.40081862,0,,1.0,1.8714665170309506,1.8711014107975334
2014-12-30,2015-01-02,1,LS,LREN3,L,0.020081953059676652,0.02190184199009629,0.0018198889304196393,reweight,Trade,17,0,8.098544362,0,,1.0,1.8714665170309506,1.8711014107975334
2014-12-30,2015-01-02,1,LS,MBRF3,L,0.020081953059676652,0.02190184199009629,0.0018198889304196393,reweight,Food & Beverage,2,0,3.763513657,0,,1.0,1.8714665170309506,1.8711014107975334
2014-12-30,2015-01-02,1,LS,MOTV3,L,0.001306454310405294,0.0014248492558839637,0.00011839494547866971,reweight,Transportation Services,2,1,10.3206926,0,,1.0,1.8714665170309506,1.8711014107975334
2014-12-30,2015-01-02,1,LS,MPLU3,L,0.020081953059676652,0.02190184199009629,0.0018198889304196393,reweight,Other,5,0,23.15137133,0,,1.0,1.8714665170309506,1.8711014107975334
2014-12-30,2015-01-02,1,LS,MRVE3,L,0.020081953059676652,0.02190184199009629,0.0018198889304196393,reweight,Construction,8,0,4.355652006,0,,1.0,1.8714665170309506,1.8711014107975334
2014-12-30,2015-01-02,1,LS,PETR4,L,0.001306454310405294,0.0,-0.001306454310405294,exit,Oil & Gas,31,3,2.646827156,0,,1.0,1.8714665170309506,1.8711014107975334
2014-12-30,2015-01-02,1,LS,PRIO3,L,0.020081953059676652,0.02190184199009629,0.0018198889304196393,reweight,Oil & Gas,3,0,0.45926234,0,,1.0,1.8714665170309506,1.8711014107975334
2014-12-30,2015-01-02,1,LS,QUAL3,L,0.020081953059676652,0.02190184199009629,0.0018198889304196393,reweight,Other,14,0,15.04907512,0,,1.0,1.8714665170309506,1.8711014107975334
2014-12-30,2015-01-02,1,LS,RADL3,L,0.020081953059676652,0.02190184199009629,0.0018198889304196393,reweight,Trade,2,1,4.30558014,0,,1.0,1.8714665170309506,1.8711014107975334
2014-12-30,2015-01-02,1,LS,RENT3,L,0.020081953059676652,0.02190184199009629,0.0018198889304196393,reweight,Other,14,0,8.384833697,0,,1.0,1.8714665170309506,1.8711014107975334
2014-12-30,2015-01-02,1,LS,SANB11,L,0.020081953059676652,0.0,-0.020081953059676652,exit,Financial Services,1,0,6.671521983,1,liquidity_slump,0.75,1.8714665170309506,1.8711014107975334
2014-12-30,2015-01-02,1,LS,SEER3,L,0.020081953059676652,0.02190184199009629,0.0018198889304196393,reweight,Other,2,0,23.23662177,0,,1.0,1.8714665170309506,1.8711014107975334
2014-12-30,2015-01-02,1,LS,SMLS3,L,0.020081953059676652,0.02190184199009629,0.0018198889304196393,reweight,Other,8,0,26.41916711,0,,1.0,1.8714665170309506,1.8711014107975334
2014-12-30,2015-01-02,1,LS,SMTO3,L,0.020081953059676652,0.02190184199009629,0.0018198889304196393,reweight,Other,23,0,8.663343125,0,,1.0,1.8714665170309506,1.8711014107975334
2014-12-30,2015-01-02,1,LS,TAEE11,L,0.001306454310405294,0.0014248492558839637,0.00011839494547866971,reweight,Electric Power,2,0,6.240302719,0,,1.0,1.8714665170309506,1.8711014107975334
2014-12-30,2015-01-02,1,LS,TIMS3,L,0.020081953059676652,0.02190184199009629,0.0018198889304196393,reweight,Telecommunication,20,0,7.561504048,0,,1.0,1.8714665170309506,1.8711014107975334
2014-12-30,2015-01-02,1,LS,VALE3,L,0.001306454310405294,0.0014248492558839637,0.00011839494547866971,reweight,Mining,23,0,10.71421093,0,,1.0,1.8714665170309506,1.8711014107975334
2014-12-30,2015-01-02,1,LS,VLID3,L,0.020081953059676652,0.02190184199009629,0.0018198889304196393,reweight,Other,8,0,23.97256329,0,,1.0,1.8714665170309506,1.8711014107975334
2014-12-30,2015-01-02,1,LS,VSTE3,L,0.020081953059676652,0.0,-0.020081953059676652,exit,Textile,1,0,386.2604449,0,,1.0,1.8714665170309506,1.8711014107975334
2014-12-30,2015-01-02,1,LS,WEGE3,L,0.001306454310405294,0.0014248492558839637,0.00011839494547866971,reweight,Industrial Machinery,2,0,4.90822728,0,,1.0,1.8714665170309506,1.8711014107975334
2014-12-30,2015-01-02,1,LS,YDUQ3,L,0.020081953059676652,0.02190184199009629,0.0018198889304196393,reweight,Other,29,1,16.82783613,0,,1.0,1.8714665170309506,1.8711014107975334
2014-12-30,2015-01-02,1,LS,ABEV3,S,-0.019909218266286687,-0.020449195746421144,-0.000539977480134457,reweight,Food & Beverage,5,0,10.73752416,0,,1.0,1.8714665170309506,1.8711014107975334
2014-12-30,2015-01-02,1,LS,ALPA4,S,-0.019909218266286687,-0.020449195746421144,-0.000539977480134457,reweight,Textile,2,0,4.545472254,0,,1.0,1.8714665170309506,1.8711014107975334
2014-12-30,2015-01-02,1,LS,ALSC3,S,-0.019909218266286687,-0.020449195746421144,-0.000539977480134457,reweight,Other,14,0,14.77744871,0,,1.0,1.8714665170309506,1.8711014107975334
2014-12-30,2015-01-02,1,LS,ARTR3,S,-0.019909218266286687,-0.020449195746421144,-0.000539977480134457,reweight,Transportation Services,8,0,12.25370124,0,,1.0,1.8714665170309506,1.8711014107975334
2014-12-30,2015-01-02,1,LS,B3SA3,S,-0.019909218266286687,-0.020449195746421144,-0.000539977480134457,reweight,Financial Services,14,0,2.195528827,0,,1.0,1.8714665170309506,1.8711014107975334
2014-12-30,2015-01-02,1,LS,BBAS3,S,-0.019909218266286687,-0.015336896809815858,0.004572321456470829,reweight,Financial Services,5,0,5.623834552,1,liquidity_slump,0.75,1.8714665170309506,1.8711014107975334
2014-12-30,2015-01-02,1,LS,BRAP4,S,-0.019909218266286687,-0.020449195746421144,-0.000539977480134457,reweight,Other,8,0,2.322638635,0,,1.0,1.8714665170309506,1.8711014107975334
2014-12-30,2015-01-02,1,LS,BRPR3,S,-0.019909218266286687,-0.020449195746421144,-0.000539977480134457,reweight,Other,23,0,71.19308648,0,,1.0,1.8714665170309506,1.8711014107975334
2014-12-30,2015-01-02,1,LS,CPFE3,S,-0.019909218266286687,-0.020449195746421144,-0.000539977480134457,reweight,Electric Power,5,0,9.859156243,0,,1.0,1.8714665170309506,1.8711014107975334
2014-12-30,2015-01-02,1,LS,CRUZ3,S,-0.019909218266286687,-0.020449195746421144,-0.000539977480134457,reweight,Other,14,0,18.39595503,0,,1.0,1.8714665170309506,1.8711014107975334
2014-12-30,2015-01-02,1,LS,CSAN3,S,-0.019909218266286687,-0.020449195746421144,-0.000539977480134457,reweight,Oil & Gas,2,0,5.293162888,0,,1.0,1.8714665170309506,1.8711014107975334
2014-12-30,2015-01-02,1,LS,CSMG3,S,-0.019909218266286687,-0.020449195746421144,-0.000539977480134457,reweight,Other,2,0,3.74099045,0,,1.0,1.8714665170309506,1.8711014107975334
2014-12-30,2015-01-02,1,LS,CZLT33,S,-0.019909218266286687,-0.020449195746421144,-0.000539977480134457,reweight,Food & Beverage,14,0,19.51707123,0,,1.0,1.8714665170309506,1.8711014107975334
2014-12-30,2015-01-02,1,LS,DAGB33,S,-0.019909218266286687,-0.020449195746421144,-0.000539977480134457,reweight,Trade,2,0,375.486384,0,,1.0,1.8714665170309506,1.8711014107975334
2014-12-30,2015-01-02,1,LS,DXCO3,S,-0.019909218266286687,-0.020449195746421144,-0.000539977480134457,reweight,Other,11,0,4.530910478,0,,1.0,1.8714665170309506,1.8711014107975334
2014-12-30,2015-01-02,1,LS,ECOR3,S,-0.019909218266286687,-0.020449195746421144,-0.000539977480134457,reweight,Transportation Services,8,0,8.002761577,0,,1.0,1.8714665170309506,1.8711014107975334
2014-12-30,2015-01-02,1,LS,EGIE3,S,-0.019909218266286687,-0.020449195746421144,-0.000539977480134457,reweight,Electric Power,5,0,14.40730141,0,,1.0,1.8714665170309506,1.8711014107975334
2014-12-30,2015-01-02,1,LS,ENAT3,S,-0.019909218266286687,-0.020449195746421144,-0.000539977480134457,reweight,Oil & Gas,5,0,4.056126849,0,,1.0,1.8714665170309506,1.8711014107975334
2014-12-30,2015-01-02,1,LS,ENBR3,S,-0.019909218266286687,-0.020449195746421144,-0.000539977480134457,reweight,Electric Power,5,0,5.56618178,0,,1.0,1.8714665170309506,1.8711014107975334
2014-12-30,2015-01-02,1,LS,EQTL3,S,-0.019909218266286687,-0.020449195746421144,-0.000539977480134457,reweight,Electric Power,2,0,4.486847039,0,,1.0,1.8714665170309506,1.8711014107975334
2014-12-30,2015-01-02,1,LS,EVEN3,S,-0.019909218266286687,-0.020449195746421144,-0.000539977480134457,reweight,Construction,5,1,3.555073973,0,,1.0,1.8714665170309506,1.8711014107975334
2014-12-30,2015-01-02,1,LS,EZTC3,S,-0.019909218266286687,-0.020449195746421144,-0.000539977480134457,reweight,Construction,2,0,9.569225058,0,,1.0,1.8714665170309506,1.8711014107975334
2014-12-30,2015-01-02,1,LS,FLRY3,S,-0.019909218266286687,-0.020449195746421144,-0.000539977480134457,reweight,Other,5,0,4.871971519,0,,1.0,1.8714665170309506,1.8711014107975334
2014-12-30,2015-01-02,1,LS,GETI3,S,-0.019909218266286687,-0.020449195746421144,-0.000539977480134457,reweight,Electric Power,5,0,14.60476393,0,,1.0,1.8714665170309506,1.8711014107975334
2014-12-30,2015-01-02,1,LS,HBOR3,S,-0.019909218266286687,0.0,0.019909218266286687,exit,Construction,7,0,15.87005443,0,,1.0,1.8714665170309506,1.8711014107975334
2014-12-30,2015-01-02,1,LS,HGTX3,S,-0.019909218266286687,-0.020449195746421144,-0.000539977480134457,reweight,Textile,35,2,15.06517123,0,,1.0,1.8714665170309506,1.8711014107975334
2014-12-30,2015-01-02,1,LS,HYPE3,S,-0.019909218266286687,-0.020449195746421144,-0.000539977480134457,reweight,Other,2,0,11.28904111,0,,1.0,1.8714665170309506,1.8711014107975334
2014-12-30,2015-01-02,1,LS,IMCH3,S,-0.019909218266286687,-0.020449195746421144,-0.000539977480134457,reweight,Trade,14,0,12.0,0,,1.0,1.8714665170309506,1.8711014107975334
2014-12-30,2015-01-02,1,LS,LAME3,S,-0.019909218266286687,-0.020449195746421144,-0.000539977480134457,reweight,Trade,5,0,4.146202169,0,,1.0,1.8714665170309506,1.8711014107975334
2014-12-30,2015-01-02,1,LS,MDIA3,S,-0.019909218266286687,-0.020449195746421144,-0.000539977480134457,reweight,Food & Beverage,2,1,24.22392345,0,,1.0,1.8714665170309506,1.8711014107975334
2014-12-30,2015-01-02,1,LS,MGLU3,S,-0.019909218266286687,-0.020449195746421144,-0.000539977480134457,reweight,Trade,2,0,2.221952965,0,,1.0,1.8714665170309506,1.8711014107975334
2014-12-30,2015-01-02,1,LS,MILS3,S,-0.019909218266286687,-0.020449195746421144,-0.000539977480134457,reweight,Other,8,0,8.310005547,0,,1.0,1.8714665170309506,1.8711014107975334
2014-12-30,2015-01-02,1,LS,MULT3,S,-0.019909218266286687,-0.020449195746421144,-0.000539977480134457,reweight,Other,14,0,11.83576416,0,,1.0,1.8714665170309506,1.8711014107975334
2014-12-30,2015-01-02,1,LS,MYPK3,S,-0.019909218266286687,-0.020449195746421144,-0.000539977480134457,reweight,Vehicle & Parts,5,0,8.266697972,0,,1.0,1.8714665170309506,1.8711014107975334
2014-12-30,2015-01-02,1,LS,NATU3,S,-0.019909218266286687,-0.020449195746421144,-0.000539977480134457,reweight,Trade,8,0,13.63282949,0,,1.0,1.8714665170309506,1.8711014107975334
2014-12-30,2015-01-02,1,LS,ODPV3,S,-0.019909218266286687,-0.020449195746421144,-0.000539977480134457,reweight,Other,8,0,5.599438765,0,,1.0,1.8714665170309506,1.8711014107975334
2014-12-30,2015-01-02,1,LS,OIBR3,S,-0.019909218266286687,-0.020449195746421144,-0.000539977480134457,reweight,Telecommunication,20,0,695.0591281,0,,1.0,1.8714665170309506,1.8711014107975334
2014-12-30,2015-01-02,1,LS,PDGR3,S,-0.019909218266286687,-0.020449195746421144,-0.000539977480134457,reweight,Construction,38,0,4851904.747,0,,1.0,1.8714665170309506,1.8711014107975334
2014-12-30,2015-01-02,1,LS,POMO4,S,-0.019909218266286687,-0.020449195746421144,-0.000539977480134457,reweight,Vehicle & Parts,11,0,1.790398134,0,,1.0,1.8714665170309506,1.8711014107975334
2014-12-30,2015-01-02,1,LS,PSSA3,S,-0.019909218266286687,-0.020449195746421144,-0.000539977480134457,reweight,Financial Services,2,0,8.757976516,0,,1.0,1.8714665170309506,1.8711014107975334
2014-12-30,2015-01-02,1,LS,RAPT4,S,-0.019909218266286687,-0.020449195746421144,-0.000539977480134457,reweight,Vehicle & Parts,8,1,3.405051664,0,,1.0,1.8714665170309506,1.8711014107975334
2014-12-30,2015-01-02,1,LS,RSID3,S,-0.019909218266286687,-0.020449195746421144,-0.000539977480134457,reweight,Construction,47,0,16.75,0,,1.0,1.8714665170309506,1.8711014107975334
2014-12-30,2015-01-02,1,LS,SBSP3,S,-0.019909218266286687,-0.020449195746421144,-0.000539977480134457,reweight,Other,2,0,13.19235106,0,,1.0,1.8714665170309506,1.8711014107975334
2014-12-30,2015-01-02,1,LS,TCSA3,S,-0.019909218266286687,-0.020449195746421144,-0.000539977480134457,reweight,Construction,5,1,30.90526296,0,,1.0,1.8714665170309506,1.8711014107975334
2014-12-30,2015-01-02,1,LS,TOTS3,S,-0.019909218266286687,-0.020449195746421144,-0.000539977480134457,reweight,Software & Data,17,0,9.948613782,0,,1.0,1.8714665170309506,1.8711014107975334
2014-12-30,2015-01-02,1,LS,UGPA3,S,-0.019909218266286687,-0.020449195746421144,-0.000539977480134457,reweight,Oil & Gas,2,0,19.15719898,0,,1.0,1.8714665170309506,1.8711014107975334
2014-12-30,2015-01-02,1,LS,USIM5,S,-0.019909218266286687,-0.020449195746421144,-0.000539977480134457,reweight,Basic & Fabricated Metal,8,1,3.868897095,0,,1.0,1.8714665170309506,1.8711014107975334
2014-12-30,2015-01-02,2,LS,ALUP11,L,0.022818632736016614,0.019905334157420563,-0.002913298578596051,reweight,Electric Power,4,0,9.519860087,0,,1.0,1.8714665170309506,1.8711014107975334
2014-12-30,2015-01-02,2,LS,AMER3,L,0.022818632736016614,0.019905334157420563,-0.002913298578596051,reweight,Trade,16,0,2071.903692,0,,1.0,1.8714665170309506,1.8711014107975334
2014-12-30,2015-01-02,2,LS,ANIM3,L,0.0,0.019905334157420563,0.019905334157420563,add,Other,1,0,9.513337972,0,,1.0,1.8714665170309506,1.8711014107975334
2014-12-30,2015-01-02,2,LS,AZZA3,L,0.0,0.019905334157420563,0.019905334157420563,add,Textile,1,0,20.10524035,0,,1.0,1.8714665170309506,1.8711014107975334
2014-12-30,2015-01-02,2,LS,BBDC4,L,0.022818632736016614,0.019905334157420563,-0.002913298578596051,reweight,Financial Services,7,1,7.640040495,0,,1.0,1.8714665170309506,1.8711014107975334
2014-12-30,2015-01-02,2,LS,BBSE3,L,0.022818632736016614,0.019905334157420563,-0.002913298578596051,reweight,Financial Services,7,0,13.36732629,0,,1.0,1.8714665170309506,1.8711014107975334
2014-12-30,2015-01-02,2,LS,BISA3,L,0.017113974552012464,0.0,-0.017113974552012464,exit,Construction,6,0,1.58,0,,1.0,1.8714665170309506,1.8711014107975334
2014-12-30,2015-01-02,2,LS,BRFS3,L,0.022818632736016614,0.019905334157420563,-0.002913298578596051,reweight,Food & Beverage,4,0,58.23154182,0,,1.0,1.8714665170309506,1.8711014107975334
2014-12-30,2015-01-02,2,LS,BRML3,L,-0.01834771095128382,0.019905334157420563,0.03825304510870438,reweight,Other,1,0,9.787619704,0,,1.0,1.8714665170309506,1.8711014107975334
2014-12-30,2015-01-02,2,LS,BRSR6,L,-0.01834771095128382,0.019905334157420563,0.03825304510870438,reweight,Financial Services,1,0,6.245039939,0,,1.0,1.8714665170309506,1.8711014107975334
2014-12-30,2015-01-02,2,LS,CIEL3,L,0.022818632736016614,0.019905334157420563,-0.002913298578596051,reweight,Software & Data,19,0,15.14985343,0,,1.0,1.8714665170309506,1.8711014107975334
2014-12-30,2015-01-02,2,LS,CMIG4,L,0.022818632736016614,0.019905334157420563,-0.002913298578596051,reweight,Electric Power,16,0,2.665672903,0,,1.0,1.8714665170309506,1.8711014107975334
2014-12-30,2015-01-02,2,LS,COGN3,L,0.022818632736016614,0.019905334157420563,-0.002913298578596051,reweight,Other,15,0,13.34063179,0,,1.0,1.8714665170309506,1.8711014107975334
2014-12-30,2015-01-02,2,LS,CPLE6,L,0.022818632736016614,0.019905334157420563,-0.002913298578596051,reweight,Electric Power,13,1,1.664526671,0,,1.0,1.8714665170309506,1.8711014107975334
2014-12-30,2015-01-02,2,LS,CSNA3,L,0.022818632736016614,0.019905334157420563,-0.002913298578596051,reweight,Basic & Fabricated Metal,10,0,3.013662274,0,,1.0,1.8714665170309506,1.8711014107975334
2014-12-30,2015-01-02,2,LS,CTIP3,L,0.022818632736016614,0.019905334157420563,-0.002913298578596051,reweight,Financial Services,10,0,28.96322335,0,,1.0,1.8714665170309506,1.8711014107975334
2014-12-30,2015-01-02,2,LS,CYRE3,L,-0.01834771095128382,0.019905334157420563,0.03825304510870438,reweight,Construction,1,0,6.762889309,0,,1.0,1.8714665170309506,1.8711014107975334
2014-12-30,2015-01-02,2,LS,DIRR3,L,0.022818632736016614,0.019905334157420563,-0.002913298578596051,reweight,Construction,4,0,1.335121876,0,,1.0,1.8714665170309506,1.8711014107975334
2014-12-30,2015-01-02,2,LS,ELET3,L,0.022818632736016614,0.019905334157420563,-0.002913298578596051,reweight,Electric Power,7,1,4.485327441,0,,1.0,1.8714665170309506,1.8711014107975334
2014-12-30,2015-01-02,2,LS,EMBR3,L,0.022818632736016614,0.019905334157420563,-0.002913298578596051,reweight,Vehicle & Parts,22,1,23.56077102,0,,1.0,1.8714665170309506,1.8711014107975334
2014-12-30,2015-01-02,2,LS,GFSA3,L,0.022818632736016614,0.019905334157420563,-0.002913298578596051,reweight,Construction,10,0,2198.407976,0,,1.0,1.8714665170309506,1.8711014107975334
2014-12-30,2015-01-02,2,LS,GGBR4,L,0.0,0.019905334157420563,0.019905334157420563,add,Basic & Fabricated Metal,1,1,4.726050562,0,,1.0,1.8714665170309506,1.8711014107975334
2014-12-30,2015-01-02,2,LS,GOAU4,L,-0.01834771095128382,0.019905334157420563,0.03825304510870438,reweight,Basic & Fabricated Metal,1,2,6.113441797,0,,1.0,1.8714665170309506,1.8711014107975334
2014-12-30,2015-01-02,2,LS,GOLL54,L,0.022818632736016614,0.019905334157420563,-0.002913298578596051,reweight,Transportation Services,10,0,0.193747263,0,,1.0,1.8714665170309506,1.8711014107975334
2014-12-30,2015-01-02,2,LS,GRND3,L,-0.01834771095128382,0.019905334157420563,0.03825304510870438,reweight,Textile,1,0,2.492978921,0,,1.0,1.8714665170309506,1.8711014107975334
2014-12-30,2015-01-02,2,LS,GUAR3,L,0.022818632736016614,0.019905334157420563,-0.002913298578596051,reweight,Textile,10,0,8.034954563,0,,1.0,1.8714665170309506,1.8711014107975334
2014-12-30,2015-01-02,2,LS,HBOR3,L,-0.01834771095128382,0.019905334157420563,0.03825304510870438,reweight,Construction,1,0,15.87005443,0,,1.0,1.8714665170309506,1.8711014107975334
2014-12-30,2015-01-02,2,LS,IGTA3,L,0.0,0.019905334157420563,0.019905334157420563,add,Other,1,2,22.30086753,0,,1.0,1.8714665170309506,1.8711014107975334
2014-12-30,2015-01-02,2,LS,ISAE4,L,0.0058739745227987935,0.019905334157420563,0.014031359634621769,reweight,Electric Power,2,1,4.566921525,0,,1.0,1.8714665170309506,1.8711014107975334
2014-12-30,2015-01-02,2,LS,ITSA4,L,0.022818632736016614,0.019905334157420563,-0.002913298578596051,reweight,Other,19,1,2.582759326,0,,1.0,1.8714665170309506,1.8711014107975334
2014-12-30,2015-01-02,2,LS,ITUB4,L,0.022818632736016614,0.019905334157420563,-0.002913298578596051,reweight,Financial Services,16,0,7.835551534,0,,1.0,1.8714665170309506,1.8711014107975334
2014-12-30,2015-01-02,2,LS,JBSS3,L,0.022818632736016614,0.019905334157420563,-0.002913298578596051,reweight,Food & Beverage,13,0,7.049138382,0,,1.0,1.8714665170309506,1.8711014107975334
2014-12-30,2015-01-02,2,LS,LEVE3,L,0.022818632736016614,0.019905334157420563,-0.002913298578596051,reweight,Vehicle & Parts,34,0,7.988610128,0,,1.0,1.8714665170309506,1.8711014107975334
2014-12-30,2015-01-02,2,LS,MBRF3,L,0.022818632736016614,0.019905334157420563,-0.002913298578596051,reweight,Food & Beverage,4,0,3.763513657,0,,1.0,1.8714665170309506,1.8711014107975334
2014-12-30,2015-01-02,2,LS,MOTV3,L,0.0,0.019905334157420563,0.019905334157420563,add,Transportation Services,1,1,10.3206926,0,,1.0,1.8714665170309506,1.8711014107975334
2014-12-30,2015-01-02,2,LS,MPLU3,L,0.022818632736016614,0.019905334157420563,-0.002913298578596051,reweight,Other,4,0,23.15137133,0,,1.0,1.8714665170309506,1.8711014107975334
2014-12-30,2015-01-02,2,LS,MRVE3,L,0.022818632736016614,0.019905334157420563,-0.002913298578596051,reweight,Construction,13,0,4.355652006,0,,1.0,1.8714665170309506,1.8711014107975334
2014-12-30,2015-01-02,2,LS,PRIO3,L,0.022818632736016614,0.019905334157420563,-0.002913298578596051,reweight,Oil & Gas,4,0,0.45926234,0,,1.0,1.8714665170309506,1.8711014107975334
2014-12-30,2015-01-02,2,LS,QUAL3,L,0.022818632736016614,0.019905334157420563,-0.002913298578596051,reweight,Other,13,0,15.04907512,0,,1.0,1.8714665170309506,1.8711014107975334
2014-12-30,2015-01-02,2,LS,RADL3,L,0.0,0.019905334157420563,0.019905334157420563,add,Trade,1,1,4.30558014,0,,1.0,1.8714665170309506,1.8711014107975334
2014-12-30,2015-01-02,2,LS,SEER3,L,0.0,0.019905334157420563,0.019905334157420563,add,Other,1,0,23.23662177,0,,1.0,1.8714665170309506,1.8711014107975334
2014-12-30,2015-01-02,2,LS,SMLS3,L,0.022818632736016614,0.019905334157420563,-0.002913298578596051,reweight,Other,7,0,26.41916711,0,,1.0,1.8714665170309506,1.8711014107975334
2014-12-30,2015-01-02,2,LS,SMTO3,L,0.022818632736016614,0.019905334157420563,-0.002913298578596051,reweight,Other,25,0,8.663343125,0,,1.0,1.8714665170309506,1.8711014107975334
2014-12-30,2015-01-02,2,LS,TAEE11,L,0.022818632736016614,0.019905334157420563,-0.002913298578596051,reweight,Electric Power,4,0,6.240302719,0,,1.0,1.8714665170309506,1.8711014107975334
2014-12-30,2015-01-02,2,LS,TGMA3,L,0.0,0.019905334157420563,0.019905334157420563,add,Transportation Services,1,0,9.647208021,0,,1.0,1.8714665170309506,1.8711014107975334
2014-12-30,2015-01-02,2,LS,TIMS3,L,0.022818632736016614,0.019905334157420563,-0.002913298578596051,reweight,Telecommunication,19,0,7.561504048,0,,1.0,1.8714665170309506,1.8711014107975334
2014-12-30,2015-01-02,2,LS,VLID3,L,0.022818632736016614,0.019905334157420563,-0.002913298578596051,reweight,Other,7,0,23.97256329,0,,1.0,1.8714665170309506,1.8711014107975334
2014-12-30,2015-01-02,2,LS,YDUQ3,L,0.022818632736016614,0.019905334157420563,-0.002913298578596051,reweight,Other,31,0,16.82783613,0,,1.0,1.8714665170309506,1.8711014107975334
2014-12-30,2015-01-02,2,LS,ABCB4,S,-0.01834771095128382,-0.020531311160410164,-0.0021836002091263455,reweight,Financial Services,13,0,5.649121838,0,,1.0,1.8714665170309506,1.8711014107975334
2014-12-30,2015-01-02,2,LS,ABEV3,S,-0.01834771095128382,-0.020531311160410164,-0.0021836002091263455,reweight,Food & Beverage,4,0,10.73752416,0,,1.0,1.8714665170309506,1.8711014107975334
2014-12-30,2015-01-02,2,LS,ALPA4,S,0.0,-0.020531311160410164,-0.020531311160410164,add,Textile,1,1,4.545472254,0,,1.0,1.8714665170309506,1.8711014107975334
2014-12-30,2015-01-02,2,LS,ALSC3,S,-0.01834771095128382,-0.020531311160410164,-0.0021836002091263455,reweight,Other,13,0,14.77744871,0,,1.0,1.8714665170309506,1.8711014107975334
2014-12-30,2015-01-02,2,LS,ARTR3,S,-0.01834771095128382,-0.020531311160410164,-0.0021836002091263455,reweight,Transportation Services,7,0,12.25370124,0,,1.0,1.8714665170309506,1.8711014107975334
2014-12-30,2015-01-02,2,LS,B3SA3,S,-0.01834771095128382,-0.020531311160410164,-0.0021836002091263455,reweight,Financial Services,13,0,2.195528827,0,,1.0,1.8714665170309506,1.8711014107975334
2014-12-30,2015-01-02,2,LS,BBAS3,S,0.0,-0.015398483370307624,-0.015398483370307624,add,Financial Services,1,0,5.623834552,1,liquidity_slump,0.75,1.8714665170309506,1.8711014107975334
2014-12-30,2015-01-02,2,LS,BEEF3,S,0.022818632736016614,-0.00010584981539266292,-0.022924482551409275,reweight,Food & Beverage,1,0,6.776861054,0,,1.0,1.8714665170309506,1.8711014107975334
2014-12-30,2015-01-02,2,LS,BRAP4,S,-0.01834771095128382,-0.020531311160410164,-0.0021836002091263455,reweight,Other,7,0,2.322638635,0,,1.0,1.8714665170309506,1.8711014107975334
2014-12-30,2015-01-02,2,LS,BRKM5,S,-0.01834771095128382,-0.00010584981539266292,0.018241861135891158,reweight,Chemical,7,0,11.45347345,0,,1.0,1.8714665170309506,1.8711014107975334
2014-12-30,2015-01-02,2,LS,BRPR3,S,-0.01834771095128382,-0.020531311160410164,-0.0021836002091263455,reweight,Other,22,0,71.19308648,0,,1.0,1.8714665170309506,1.8711014107975334
2014-12-30,2015-01-02,2,LS,CPFE3,S,-0.01834771095128382,-0.020531311160410164,-0.0021836002091263455,reweight,Electric Power,7,0,9.859156243,0,,1.0,1.8714665170309506,1.8711014107975334
2014-12-30,2015-01-02,2,LS,CRUZ3,S,-0.01834771095128382,-0.020531311160410164,-0.0021836002091263455,reweight,Other,13,0,18.39595503,0,,1.0,1.8714665170309506,1.8711014107975334
2014-12-30,2015-01-02,2,LS,CSAN3,S,-0.01834771095128382,-0.00010584981539266292,0.018241861135891158,reweight,Oil & Gas,4,0,5.293162888,0,,1.0,1.8714665170309506,1.8711014107975334
2014-12-30,2015-01-02,2,LS,CSMG3,S,-0.01834771095128382,-0.020531311160410164,-0.0021836002091263455,reweight,Other,4,0,3.74099045,0,,1.0,1.8714665170309506,1.8711014107975334
2014-12-30,2015-01-02,2,LS,CVCB3,S,0.0,-0.00010584981539266292,-0.00010584981539266292,add,Transportation Services,1,0,12.29851475,0,,1.0,1.8714665170309506,1.8711014107975334
2014-12-30,2015-01-02,2,LS,CZLT33,S,-0.01834771095128382,-0.020531311160410164,-0.0021836002091263455,reweight,Food & Beverage,10,0,19.51707123,0,,1.0,1.8714665170309506,1.8711014107975334
2014-12-30,2015-01-02,2,LS,DAGB33,S,0.022818632736016614,-0.020531311160410164,-0.04334994389642678,reweight,Trade,1,0,375.486384,0,,1.0,1.8714665170309506,1.8711014107975334
2014-12-30,2015-01-02,2,LS,DXCO3,S,-0.01834771095128382,-0.020531311160410164,-0.0021836002091263455,reweight,Other,10,0,4.530910478,0,,1.0,1.8714665170309506,1.8711014107975334
2014-12-30,2015-01-02,2,LS,ECOR3,S,-0.01834771095128382,-0.020531311160410164,-0.0021836002091263455,reweight,Transportation Services,7,0,8.002761577,0,,1.0,1.8714665170309506,1.8711014107975334
2014-12-30,2015-01-02,2,LS,EGIE3,S,-0.01834771095128382,-0.020531311160410164,-0.0021836002091263455,reweight,Electric Power,4,0,14.40730141,0,,1.0,1.8714665170309506,1.8711014107975334
2014-12-30,2015-01-02,2,LS,ENAT3,S,-0.01834771095128382,-0.020531311160410164,-0.0021836002091263455,reweight,Oil & Gas,4,0,4.056126849,0,,1.0,1.8714665170309506,1.8711014107975334
2014-12-30,2015-01-02,2,LS,ENBR3,S,-0.01834771095128382,-0.020531311160410164,-0.0021836002091263455,reweight,Electric Power,10,0,5.56618178,0,,1.0,1.8714665170309506,1.8711014107975334
2014-12-30,2015-01-02,2,LS,EQTL3,S,0.022818632736016614,-0.00010584981539266292,-0.022924482551409275,reweight,Electric Power,1,0,4.486847039,0,,1.0,1.8714665170309506,1.8711014107975334
2014-12-30,2015-01-02,2,LS,EVEN3,S,-0.01834771095128382,-0.020531311160410164,-0.0021836002091263455,reweight,Construction,7,0,3.555073973,0,,1.0,1.8714665170309506,1.8711014107975334
2014-12-30,2015-01-02,2,LS,EZTC3,S,-0.01834771095128382,-0.00010584981539266292,0.018241861135891158,reweight,Construction,4,0,9.569225058,0,,1.0,1.8714665170309506,1.8711014107975334
2014-12-30,2015-01-02,2,LS,FIBR3,S,-0.01834771095128382,-0.00010584981539266292,0.018241861135891158,reweight,Pulp & Paper,7,0,26.86716008,0,,1.0,1.8714665170309506,1.8711014107975334
2014-12-30,2015-01-02,2,LS,FLRY3,S,-0.01834771095128382,-0.020531311160410164,-0.0021836002091263455,reweight,Other,7,0,4.871971519,0,,1.0,1.8714665170309506,1.8711014107975334
2014-12-30,2015-01-02,2,LS,GETI3,S,-0.01834771095128382,-0.020531311160410164,-0.0021836002091263455,reweight,Electric Power,7,0,14.60476393,0,,1.0,1.8714665170309506,1.8711014107975334
2014-12-30,2015-01-02,2,LS,HGTX3,S,-0.01834771095128382,-0.020531311160410164,-0.0021836002091263455,reweight,Textile,22,0,15.06517123,0,,1.0,1.8714665170309506,1.8711014107975334
2014-12-30,2015-01-02,2,LS,HYPE3,S,-0.01834771095128382,-0.020531311160410164,-0.0021836002091263455,reweight,Other,4,0,11.28904111,0,,1.0,1.8714665170309506,1.8711014107975334
2014-12-30,2015-01-02,2,LS,IMCH3,S,-0.01834771095128382,-0.020531311160410164,-0.0021836002091263455,reweight,Trade,10,0,12.0,0,,1.0,1.8714665170309506,1.8711014107975334
2014-12-30,2015-01-02,2,LS,LAME3,S,-0.01834771095128382,-0.020531311160410164,-0.0021836002091263455,reweight,Trade,13,0,4.146202169,0,,1.0,1.8714665170309506,1.8711014107975334
2014-12-30,2015-01-02,2,LS,LIGT3,S,0.022818632736016614,-0.020531311160410164,-0.04334994389642678,reweight,Electric Power,1,0,14.96513808,0,,1.0,1.8714665170309506,1.8711014107975334
2014-12-30,2015-01-02,2,LS,LINX3,S,0.022818632736016614,-0.020531311160410164,-0.04334994389642678,reweight,Software & Data,1,0,15.40081862,0,,1.0,1.8714665170309506,1.8711014107975334
2014-12-30,2015-01-02,2,LS,LREN3,S,-0.01834771095128382,-0.00010584981539266292,0.018241861135891158,reweight,Trade,7,0,8.098544362,0,,1.0,1.8714665170309506,1.8711014107975334
2014-12-30,2015-01-02,2,LS,MDIA3,S,-0.01834771095128382,-0.020531311160410164,-0.0021836002091263455,reweight,Food & Beverage,4,0,24.22392345,0,,1.0,1.8714665170309506,1.8711014107975334
2014-12-30,2015-01-02,2,LS,MGLU3,S,0.0,-0.020531311160410164,-0.020531311160410164,add,Trade,1,0,2.221952965,0,,1.0,1.8714665170309506,1.8711014107975334
2014-12-30,2015-01-02,2,LS,MILS3,S,-0.01834771095128382,-0.020531311160410164,-0.0021836002091263455,reweight,Other,7,0,8.310005547,0,,1.0,1.8714665170309506,1.8711014107975334
2014-12-30,2015-01-02,2,LS,MULT3,S,-0.01834771095128382,-0.020531311160410164,-0.0021836002091263455,reweight,Other,16,0,11.83576416,0,,1.0,1.8714665170309506,1.8711014107975334
2014-12-30,2015-01-02,2,LS,MYPK3,S,-0.01834771095128382,-0.020531311160410164,-0.0021836002091263455,reweight,Vehicle & Parts,4,0,8.266697972,0,,1.0,1.8714665170309506,1.8711014107975334
2014-12-30,2015-01-02,2,LS,NATU3,S,-0.01834771095128382,-0.020531311160410164,-0.0021836002091263455,reweight,Trade,7,1,13.63282949,0,,1.0,1.8714665170309506,1.8711014107975334
2014-12-30,2015-01-02,2,LS,ODPV3,S,-0.01834771095128382,-0.020531311160410164,-0.0021836002091263455,reweight,Other,7,0,5.599438765,0,,1.0,1.8714665170309506,1.8711014107975334
2014-12-30,2015-01-02,2,LS,OIBR3,S,-0.01834771095128382,-0.020531311160410164,-0.0021836002091263455,reweight,Telecommunication,19,0,695.0591281,0,,1.0,1.8714665170309506,1.8711014107975334
2014-12-30,2015-01-02,2,LS,PDGR3,S,-0.01834771095128382,-0.020531311160410164,-0.0021836002091263455,reweight,Construction,37,0,4851904.747,0,,1.0,1.8714665170309506,1.8711014107975334
2014-12-30,2015-01-02,2,LS,PETR4,S,0.022818632736016614,-0.020531311160410164,-0.04334994389642678,reweight,Oil & Gas,1,2,2.646827156,0,,1.0,1.8714665170309506,1.8711014107975334
2014-12-30,2015-01-02,2,LS,POMO4,S,-0.01834771095128382,-0.00010584981539266292,0.018241861135891158,reweight,Vehicle & Parts,10,0,1.790398134,0,,1.0,1.8714665170309506,1.8711014107975334
2014-12-30,2015-01-02,2,LS,PSSA3,S,0.0,-0.020531311160410164,-0.020531311160410164,add,Financial Services,1,0,8.757976516,0,,1.0,1.8714665170309506,1.8711014107975334
2014-12-30,2015-01-02,2,LS,RAPT4,S,-0.01834771095128382,-0.020531311160410164,-0.0021836002091263455,reweight,Vehicle & Parts,10,0,3.405051664,0,,1.0,1.8714665170309506,1.8711014107975334
2014-12-30,2015-01-02,2,LS,RENT3,S,0.022818632736016614,-0.00010584981539266292,-0.022924482551409275,reweight,Other,1,0,8.384833697,0,,1.0,1.8714665170309506,1.8711014107975334
2014-12-30,2015-01-02,2,LS,RSID3,S,-0.01834771095128382,-0.020531311160410164,-0.0021836002091263455,reweight,Construction,46,0,16.75,0,,1.0,1.8714665170309506,1.8711014107975334
2014-12-30,2015-01-02,2,LS,SANB11,S,0.0,-0.015398483370307624,-0.015398483370307624,add,Financial Services,1,0,6.671521983,1,liquidity_slump,0.75,1.8714665170309506,1.8711014107975334
2014-12-30,2015-01-02,2,LS,SBSP3,S,-0.01834771095128382,-0.020531311160410164,-0.0021836002091263455,reweight,Other,19,0,13.19235106,0,,1.0,1.8714665170309506,1.8711014107975334
2014-12-30,2015-01-02,2,LS,TCSA3,S,-0.01834771095128382,-0.020531311160410164,-0.0021836002091263455,reweight,Construction,7,0,30.90526296,0,,1.0,1.8714665170309506,1.8711014107975334
2014-12-30,2015-01-02,2,LS,TOTS3,S,-0.01834771095128382,-0.020531311160410164,-0.0021836002091263455,reweight,Software & Data,19,0,9.948613782,0,,1.0,1.8714665170309506,1.8711014107975334
2014-12-30,2015-01-02,2,LS,UGPA3,S,-0.01834771095128382,-0.00010584981539266292,0.018241861135891158,reweight,Oil & Gas,4,0,19.15719898,0,,1.0,1.8714665170309506,1.8711014107975334
2014-12-30,2015-01-02,2,LS,USIM5,S,-0.01834771095128382,-0.020531311160410164,-0.0021836002091263455,reweight,Basic & Fabricated Metal,13,1,3.868897095,0,,1.0,1.8714665170309506,1.8711014107975334
2014-12-30,2015-01-02,2,LS,VALE3,S,0.022818632736016614,-0.00010584981539266292,-0.022924482551409275,reweight,Mining,1,0,10.71421093,0,,1.0,1.8714665170309506,1.8711014107975334
2014-12-30,2015-01-02,2,LS,WEGE3,S,-0.01834771095128382,-0.00010584981539266292,0.018241861135891158,reweight,Industrial Machinery,7,0,4.90822728,0,,1.0,1.8714665170309506,1.8711014107975334
